$OR;D2
* From-Time To-Time
0.00  8.00
* Factor
1
*To From Factor
1	1	0.0
1	2	0.0
1	3	0.0
1	572	7.944281
1	573	9.094873
1	574	18.357141
1	575	19.880022
1	576	7.610583
1	577	9.100565
1	578	5.77238
1	579	11.215878
1	580	17.814875
1	581	41.371437
1	582	26.645334000000002
1	583	25.992785
1	584	24.86071
1	585	20.098238000000002
1	586	23.034925
1	587	29.426496999999998
1	588	11.355642
1	590	8.132164999999999
1	591	8.758759
1	592	149.121597
1	593	10.317107
1	595	41.158077
1	596	0.0
1	597	15.993201999999998
1	598	18.12463
1	599	2.5684720000000003
1	600	27.725846999999998
1	601	6.487043
1	602	29.450584000000003
1	603	21.129375
1	604	31.450075
1	605	41.052299
1	606	11.299026
1	607	0.0
1	608	258.965851
1	609	0.0
1	610	102.76753199999999
1	611	27.829496000000002
1	612	26.495921999999997
1	613	7.216546000000001
1	614	165.801346
1	615	27.852290999999997
1	616	14.810717000000002
1	617	34.333290000000005
1	618	271.478973
1	619	7.2184029999999995
1	620	8.712936000000001
1	621	37.119007
1	622	387.931213
1	623	10.546041
1	624	46.984158
1	625	46.000221
1	626	150.874207
1	627	199.848694
1	628	93.053673
1	629	48.608318
1	630	13.441316
1	631	55.440773
1	632	11.124338999999999
1	633	230.16172799999998
1	634	28.48612
1	635	63.82867099999999
1	636	19.174866
1	637	25.237379
1	638	208.744049
1	639	118.704704
1	640	53.123501
1	641	39.083801
1	642	90.875641
1	643	91.196228
1	644	62.325287
1	645	6.171271
1	646	29.486320000000003
1	647	131.421326
1	648	590.872253
1	649	101.863571
1	650	44.717289
1	651	121.700607
1	652	130.860504
1	653	88.325447
1	654	349.440735
2	1	0.0
2	2	0.0
2	3	0.0
2	572	21.191734
2	573	21.75256
2	574	45.342838
2	575	48.519512
2	576	20.686537
2	577	23.820871
2	578	15.524119
2	579	29.269454999999997
2	580	47.117748
2	581	88.37984499999999
2	582	48.530766
2	583	34.828041
2	584	73.865288
2	585	52.10519
2	586	54.883026
2	587	83.318321
2	588	26.325726
2	590	11.922722
2	591	13.915269
2	592	348.269318
2	593	16.192024
2	595	104.032661
2	596	0.0
2	597	42.121407
2	598	47.34362
2	599	5.905022
2	600	74.74475100000001
2	601	16.437498
2	602	68.631508
2	603	40.193562
2	604	75.583389
2	605	88.077499
2	606	8.728724
2	607	0.0
2	608	281.4133
2	609	0.0
2	610	75.209862
2	611	19.963144
2	612	16.703047
2	613	9.887072
2	614	212.31863399999997
2	615	37.126743
2	616	19.060167
2	617	39.387005
2	618	248.43527200000003
2	619	7.230608999999999
2	620	7.097575999999999
2	621	38.482338
2	622	271.947906
2	623	6.636374000000001
2	624	37.745098
2	625	38.286873
2	626	110.868683
2	627	123.03894
2	628	44.077084
2	629	26.826519
2	630	6.223637
2	631	32.066719
2	632	6.126556
2	633	122.898552
2	634	14.775935
2	635	30.93082
2	636	10.867272999999999
2	637	13.912270999999999
2	638	103.204636
2	639	62.335777
2	640	25.602627
2	641	19.092604
2	642	44.508694
2	643	43.749714000000004
2	644	29.723852
2	645	2.953086
2	646	14.044557000000001
2	647	64.157913
2	648	277.81689500000005
2	649	48.443565
2	650	19.875122
2	651	55.415459
2	652	58.91168199999999
2	653	43.060627000000004
2	654	214.944
3	1	0.0
3	2	0.0
3	3	0.0
3	572	38.518536
3	573	33.035862
3	574	74.383072
3	575	58.22418199999999
3	576	32.843821999999996
3	577	37.557869000000004
3	578	24.765181
3	579	39.269169
3	580	74.544983
3	581	172.033142
3	582	75.596725
3	583	53.51178
3	584	121.15727199999999
3	585	82.94364200000001
3	586	87.63871800000001
3	587	136.847397
3	588	41.048922999999995
3	590	19.122742000000002
3	591	23.895960000000002
3	592	613.8123780000001
3	593	26.399075
3	595	181.267212
3	596	0.0
3	597	59.477936
3	598	81.076157
3	599	9.085489
3	600	123.5
3	601	19.926298000000003
3	602	115.83384699999999
3	603	65.67585799999999
3	604	122.456001
3	605	143.16992199999999
3	606	14.020514000000002
3	607	0.0
3	608	487.831329
3	609	0.0
3	610	130.454056
3	611	34.137794
3	612	28.163765
3	613	15.909309
3	614	370.00973500000003
3	615	64.42643699999999
3	616	30.484776
3	617	67.951523
3	618	433.26144400000004
3	619	11.117981
3	620	11.063085000000001
3	621	61.288353
3	622	445.565338
3	623	11.277438
3	624	63.646824
3	625	62.22533000000001
3	626	177.17791699999998
3	627	211.71284500000002
3	628	75.875496
3	629	45.975367999999996
3	630	10.257757000000002
3	631	56.202465000000004
3	632	10.05894
3	633	216.512619
3	634	24.974823
3	635	53.85994
3	636	17.902372
3	637	23.333336
3	638	180.810135
3	639	106.924553
3	640	43.796504999999996
3	641	32.541641
3	642	76.787537
3	643	74.25631700000001
3	644	49.751957
3	645	4.876842
3	646	23.437634
3	647	111.21709399999999
3	648	486.65789800000005
3	649	82.760574
3	650	33.969833
3	651	95.96592700000001
3	652	103.470573
3	653	74.08028399999999
3	654	371.312714
572	1	7.944281
572	2	21.191734
572	3	38.518536
572	572	0.447103
572	573	0.24071399999999998
572	574	0.561867
572	575	0.30630100000000005
572	576	0.193796
572	577	0.20799299999999998
572	578	0.144725
572	579	0.204049
572	580	0.330156
572	581	0.776036
572	582	0.37585999999999997
572	583	0.255168
572	584	0.6672060000000001
572	585	0.480387
572	586	0.43289099999999997
572	587	0.723577
572	588	0.214527
572	590	0.089662
572	591	0.09120700000000001
572	592	2.299054
572	593	0.11319800000000001
572	595	0.7000689999999999
572	596	0.0
572	597	0.317186
572	598	0.329869
572	599	0.043735
572	600	0.5908760000000001
572	601	0.101614
572	602	0.510655
572	603	0.311435
572	604	0.582515
572	605	0.665888
572	606	0.059395
572	607	0.0
572	608	1.7513009999999998
572	609	0.0
572	610	0.506645
572	611	0.128437
572	612	0.10809400000000001
572	613	0.06665399999999999
572	614	1.375753
572	615	0.24394699999999997
572	616	0.13880599999999998
572	617	0.251271
572	618	1.586274
572	619	0.051948
572	620	0.050192
572	621	0.278143
572	622	1.8823349999999999
572	623	0.044756
572	624	0.268429
572	625	0.273784
572	626	0.76703
572	627	0.76727
572	628	0.27332
572	629	0.169121
572	630	0.040341
572	631	0.203823
572	632	0.040843
572	633	0.777701
572	634	0.09573200000000001
572	635	0.196883
572	636	0.07209
572	637	0.088724
572	638	0.648453
572	639	0.386079
572	640	0.158671
572	641	0.119025
572	642	0.27410300000000004
572	643	0.259265
572	644	0.181974
572	645	0.017996
572	646	0.08773500000000001
572	647	0.395842
572	648	1.731552
572	649	0.297516
572	650	0.12439700000000001
572	651	0.339821
572	652	0.371304
572	653	0.265049
572	654	1.3248209999999998
573	1	9.094873
573	2	21.75256
573	3	33.035862
573	572	0.24071399999999998
573	573	0.05996900000000001
573	574	0.12003299999999999
573	575	0.097592
573	576	0.15948099999999998
573	577	0.115281
573	578	0.1296
573	579	0.108528
573	580	0.13336199999999998
573	581	0.126217
573	582	0.203071
573	583	0.14965499999999998
573	584	1.100883
573	585	0.369648
573	586	0.516243
573	587	1.14906
573	588	0.128883
573	590	0.045297000000000004
573	591	0.15321300000000002
573	592	4.72933
573	593	0.057814
573	595	1.3204
573	596	0.0
573	597	0.325853
573	598	0.49581899999999995
573	599	0.006065999999999999
573	600	1.012952
573	601	0.047992
573	602	0.680563
573	603	0.30761900000000003
573	604	0.97114
573	605	1.199336
573	606	0.0176
573	607	0.0
573	608	3.6601209999999997
573	609	0.0
573	610	1.032354
573	611	0.20058900000000002
573	612	0.13831400000000002
573	613	0.037456
573	614	2.5493930000000002
573	615	0.409724
573	616	0.222417
573	617	0.476745
573	618	3.2078349999999998
573	619	0.032642000000000004
573	620	0.060552999999999996
573	621	0.45707299999999995
573	622	3.872315
573	623	0.087363
573	624	0.494384
573	625	0.5327930000000001
573	626	1.462901
573	627	1.4936260000000001
573	628	0.5291600000000001
573	629	0.29425100000000004
573	630	0.036509
573	631	0.395838
573	632	0.025192
573	633	1.5915540000000001
573	634	0.117567
573	635	0.35389699999999996
573	636	0.068552
573	637	0.123422
573	638	1.305808
573	639	0.751221
573	640	0.295242
573	641	0.21063800000000002
573	642	0.562769
573	643	0.52846
573	644	0.283815
573	645	0.024857
573	646	0.119604
573	647	0.8242719999999999
573	648	3.585357
573	649	0.551485
573	650	0.213288
573	651	0.702681
573	652	0.74062
573	653	0.534517
573	654	2.765704
574	1	18.357141
574	2	45.342838
574	3	74.383072
574	572	0.561867
574	573	0.12003299999999999
574	574	0.6193569999999999
574	575	0.24569499999999997
574	576	0.335649
574	577	0.257797
574	578	0.270305
574	579	0.24489299999999997
574	580	0.314793
574	581	0.400782
574	582	0.458924
574	583	0.334652
574	584	2.176524
574	585	0.78683
574	586	1.054477
574	587	2.292109
574	588	0.285317
574	590	0.10366700000000001
574	591	0.30432800000000004
574	592	9.289214
574	593	0.131466
574	595	2.604189
574	596	0.0
574	597	0.667626
574	598	0.990967
574	599	0.02054
574	600	2.012435
574	601	0.11058
574	602	1.377024
574	603	0.638609
574	604	1.936037
574	605	2.3833740000000003
574	606	0.045176999999999995
574	607	0.0
574	608	7.1868
574	609	0.0
574	610	2.00543
574	611	0.39263000000000003
574	612	0.275444
574	613	0.084281
574	614	5.026794000000001
574	615	0.81174
574	616	0.446417
574	617	0.9349299999999999
574	618	6.214798
574	619	0.07224900000000001
574	620	0.124054
574	621	0.90456
574	622	7.645624000000001
574	623	0.173037
574	624	0.964865
574	625	1.03839
574	626	2.90174
574	627	2.91623
574	628	1.031173
574	629	0.57423
574	630	0.075323
574	631	0.756814
574	632	0.05417
574	633	3.0312799999999998
574	634	0.23246999999999998
574	635	0.679294
574	636	0.141022
574	637	0.24634699999999998
574	638	2.5024669999999998
574	639	1.47074
574	640	0.578987
574	641	0.41364300000000004
574	642	1.0968209999999998
574	643	1.045935
574	644	0.5675180000000001
574	645	0.050447000000000006
574	646	0.239783
574	647	1.59845
574	648	6.882332000000001
574	649	1.082455
574	650	0.417286
574	651	1.3642379999999998
574	652	1.414574
574	653	1.0483879999999999
574	654	5.407625
575	1	19.880022
575	2	48.519512
575	3	58.22418199999999
575	572	0.30630100000000005
575	573	0.097592
575	574	0.24569499999999997
575	575	0.752466
575	576	0.25499
575	577	0.22227800000000003
575	578	0.269458
575	579	0.32107399999999997
575	580	0.37198400000000004
575	581	0.41144899999999995
575	582	0.5561520000000001
575	583	0.397812
575	584	2.2765619999999998
575	585	0.810109
575	586	1.18929
575	587	2.209094
575	588	0.346702
575	590	0.12580999999999998
575	591	0.36541999999999997
575	592	11.209152
575	593	0.16927799999999998
575	595	3.195408
575	596	0.0
575	597	0.9145780000000001
575	598	1.2375559999999999
575	599	0.036797
575	600	2.202111
575	601	0.178295
575	602	1.563396
575	603	0.709581
575	604	2.118449
575	605	2.593715
575	606	0.061469
575	607	0.0
575	608	8.538186999999999
575	609	0.0
575	610	2.198014
575	611	0.459876
575	612	0.326205
575	613	0.10982
575	614	5.903165
575	615	0.95236
575	616	0.482926
575	617	1.112523
575	618	7.187819
575	619	0.084776
575	620	0.13667200000000002
575	621	0.982232
575	622	8.153471000000001
575	623	0.18677
575	624	1.03929
575	625	1.1158700000000001
575	626	3.100517
575	627	3.4238459999999997
575	628	1.2020520000000001
575	629	0.669928
575	630	0.091126
575	631	0.863101
575	632	0.06702899999999999
575	633	3.441533
575	634	0.271444
575	635	0.7748729999999999
575	636	0.162965
575	637	0.288639
575	638	2.856761
575	639	1.7075369999999999
575	640	0.6715
575	641	0.47985500000000003
575	642	1.264173
575	643	1.234391
575	644	0.674191
575	645	0.060577
575	646	0.284518
575	647	1.828915
575	648	7.8674919999999995
575	649	1.266708
575	650	0.486471
575	651	1.580157
575	652	1.60614
575	653	1.2299950000000002
575	654	6.399992
576	1	7.610583
576	2	20.686537
576	3	32.843821999999996
576	572	0.193796
576	573	0.15948099999999998
576	574	0.335649
576	575	0.25499
576	576	0.326735
576	577	0.193761
576	578	0.149527
576	579	0.186108
576	580	0.276167
576	581	0.47117299999999995
576	582	0.327468
576	583	0.229532
576	584	0.8355739999999999
576	585	0.47554700000000005
576	586	0.46028500000000006
576	587	0.870757
576	588	0.191752
576	590	0.076709
576	591	0.11048
576	592	3.067485
576	593	0.097924
576	595	0.9022600000000001
576	596	0.0
576	597	0.329822
576	598	0.38916100000000003
576	599	0.033098
576	600	0.724218
576	601	0.088338
576	602	0.57419
576	603	0.318037
576	604	0.701765
576	605	0.8258840000000001
576	606	0.046995999999999996
576	607	0.0
576	608	2.3169939999999998
576	609	0.0
576	610	0.645329
576	611	0.143367
576	612	0.112426
576	613	0.059059
576	614	1.7247720000000002
576	615	0.29301900000000003
576	616	0.162578
576	617	0.314873
576	618	2.002513
576	619	0.047188
576	620	0.054023
576	621	0.328435
576	622	2.494255
576	623	0.05787899999999999
576	624	0.326606
576	625	0.34259
576	626	0.981497
576	627	0.960685
576	628	0.33884899999999996
576	629	0.198822
576	630	0.037902
576	631	0.243515
576	632	0.034374
576	633	0.94831
576	634	0.096334
576	635	0.227044
576	636	0.06909900000000001
576	637	0.09688
576	638	0.792872
576	639	0.484339
576	640	0.194599
576	641	0.142475
576	642	0.35034899999999997
576	643	0.340169
576	644	0.210907
576	645	0.020153
576	646	0.095443
576	647	0.5041979999999999
576	648	2.156431
576	649	0.36489699999999997
576	650	0.145738
576	651	0.432854
576	652	0.448201
576	653	0.341092
576	654	1.7309759999999998
577	1	9.100565
577	2	23.820871
577	3	37.557869000000004
577	572	0.20799299999999998
577	573	0.115281
577	574	0.257797
577	575	0.22227800000000003
577	576	0.193761
577	577	0.325651
577	578	0.164976
577	579	0.179921
577	580	0.254407
577	581	0.386185
577	582	0.317864
577	583	0.22746799999999998
577	584	1.092042
577	585	0.504169
577	586	0.547139
577	587	1.114657
577	588	0.190691
577	590	0.073425
577	591	0.14495999999999998
577	592	4.254762
577	593	0.09370099999999999
577	595	1.222643
577	596	0.0
577	597	0.376546
577	598	0.494963
577	599	0.025769
577	600	0.949867
577	601	0.084873
577	602	0.704075
577	603	0.360019
577	604	0.915192
577	605	1.098431
577	606	0.040289
577	607	0.0
577	608	3.227805
577	609	0.0
577	610	0.8881680000000001
577	611	0.18279
577	612	0.135751
577	613	0.057895
577	614	2.323532
577	615	0.383947
577	616	0.209563
577	617	0.42613100000000004
577	618	2.746983
577	619	0.047547000000000006
577	620	0.064716
577	621	0.42729399999999995
577	622	3.4662940000000004
577	623	0.079296
577	624	0.43721000000000004
577	625	0.465873
577	626	1.336182
577	627	1.30694
577	628	0.45979
577	629	0.261286
577	630	0.041575
577	631	0.32819
577	632	0.034083999999999996
577	633	1.295963
577	634	0.114256
577	635	0.299408
577	636	0.076941
577	637	0.11999000000000001
577	638	1.081045
577	639	0.659387
577	640	0.261602
577	641	0.18873199999999998
577	642	0.483633
577	643	0.47164799999999996
577	644	0.270868
577	645	0.025084
577	646	0.117631
577	647	0.697404
577	648	2.965909
577	649	0.490016
577	650	0.190723
577	651	0.5978439999999999
577	652	0.60854
577	653	0.46977700000000006
577	654	2.4054130000000002
578	1	5.77238
578	2	15.524119
578	3	24.765181
578	572	0.144725
578	573	0.1296
578	574	0.270305
578	575	0.269458
578	576	0.149527
578	577	0.164976
578	578	0.221018
578	579	0.143967
578	580	0.21591
578	581	0.379021
578	582	0.295377
578	583	0.20592600000000003
578	584	0.7094699999999999
578	585	0.42884700000000003
578	586	0.394959
578	587	0.7358359999999999
578	588	0.172975
578	590	0.069204
578	591	0.098964
578	592	2.749198
578	593	0.090549
578	595	0.814645
578	596	0.0
578	597	0.328546
578	598	0.356239
578	599	0.034703
578	600	0.60444
578	601	0.077019
578	602	0.48811099999999996
578	603	0.275371
578	604	0.584489
578	605	0.681633
578	606	0.043848000000000005
578	607	0.0
578	608	2.0430669999999997
578	609	0.0
578	610	0.525055
578	611	0.127203
578	612	0.100654
578	613	0.054935000000000005
578	614	1.533568
578	615	0.261554
578	616	0.134882
578	617	0.27874099999999996
578	618	1.746131
578	619	0.042091
578	620	0.046019
578	621	0.272181
578	622	2.025075
578	623	0.047205000000000004
578	624	0.267154
578	625	0.278904
578	626	0.802053
578	627	0.843565
578	628	0.29691799999999996
578	629	0.17531
578	630	0.034434
578	631	0.21291300000000002
578	632	0.031649000000000004
578	633	0.826202
578	634	0.086214
578	635	0.199122
578	636	0.060832000000000004
578	637	0.085469
578	638	0.69139
578	639	0.42086
578	640	0.169389
578	641	0.124366
578	642	0.30297199999999996
578	643	0.29686
578	644	0.18676800000000002
578	645	0.01796
578	646	0.085037
578	647	0.43509799999999993
578	648	1.877259
578	649	0.32019699999999995
578	650	0.128467
578	651	0.377308
578	652	0.39064
578	653	0.298764
578	654	1.522153
579	1	11.215878
579	2	29.269454999999997
579	3	39.269169
579	572	0.204049
579	573	0.108528
579	574	0.24489299999999997
579	575	0.32107399999999997
579	576	0.186108
579	577	0.179921
579	578	0.143967
579	579	0.397277
579	580	0.325765
579	581	0.42506099999999997
579	582	0.312678
579	583	0.22488200000000003
579	584	0.947263
579	585	0.41784799999999994
579	586	0.547259
579	587	1.004913
579	588	0.186682
579	590	0.07232999999999999
579	591	0.162481
579	592	4.7953269999999995
579	593	0.09923
579	595	1.3800299999999999
579	596	0.0
579	597	0.43654
579	598	0.553579
579	599	0.028145999999999997
579	600	0.9551430000000001
579	601	0.12551700000000002
579	602	0.721653
579	603	0.349848
579	604	0.923631
579	605	1.114193
579	606	0.042305
579	607	0.0
579	608	3.681667
579	609	0.0
579	610	0.948009
579	611	0.208786
579	612	0.153818
579	613	0.062699
579	614	2.591213
579	615	0.42504
579	616	0.21337199999999998
579	617	0.486432
579	618	3.121787
579	619	0.047189999999999996
579	620	0.065179
579	621	0.43411400000000006
579	622	3.526382
579	623	0.08154299999999999
579	624	0.4473
579	625	0.47672600000000004
579	626	1.358858
579	627	1.497106
579	628	0.527068
579	629	0.299149
579	630	0.046459
579	631	0.379159
579	632	0.037585
579	633	1.500446
579	634	0.129715
579	635	0.345065
579	636	0.082624
579	637	0.13423800000000002
579	638	1.248282
579	639	0.748199
579	640	0.296625
579	641	0.21384499999999998
579	642	0.550005
579	643	0.537145
579	644	0.30688899999999997
579	645	0.028239
579	646	0.132995
579	647	0.794908
579	648	3.423402
579	649	0.5599
579	650	0.21809
579	651	0.6867489999999999
579	652	0.703561
579	653	0.535125
579	654	2.765544
580	1	17.814875
580	2	47.117748
580	3	74.544983
580	572	0.330156
580	573	0.13336199999999998
580	574	0.314793
580	575	0.37198400000000004
580	576	0.276167
580	577	0.254407
580	578	0.21591
580	579	0.325765
580	580	0.740783
580	581	0.73903
580	582	0.417667
580	583	0.300929
580	584	1.512509
580	585	0.626943
580	586	0.793086
580	587	1.632806
580	588	0.25152199999999997
580	590	0.097361
580	591	0.23983800000000002
580	592	7.1359330000000005
580	593	0.134201
580	595	2.03207
580	596	0.0
580	597	0.572473
580	598	0.802321
580	599	0.032876999999999997
580	600	1.424072
580	601	0.15203699999999998
580	602	1.039577
580	603	0.5012449999999999
580	604	1.378088
580	605	1.67746
580	606	0.054965999999999994
580	607	0.0
580	608	5.504015
580	609	0.0
580	610	1.420409
580	611	0.31033299999999997
580	612	0.225311
580	613	0.084699
580	614	3.88084
580	615	0.6345310000000001
580	616	0.319943
580	617	0.725193
580	618	4.711446
580	619	0.06374400000000001
580	620	0.09427
580	621	0.648932
580	622	5.338655
580	623	0.121804
580	624	0.679248
580	625	0.7256100000000001
580	626	2.047075
580	627	2.2390950000000003
580	628	0.790826
580	629	0.44683199999999995
580	630	0.066188
580	631	0.5765239999999999
580	632	0.05216900000000001
580	633	2.291435
580	634	0.190913
580	635	0.522794
580	636	0.117645
580	637	0.196615
580	638	1.898497
580	639	1.119442
580	640	0.443169
580	641	0.318805
580	642	0.827657
580	643	0.800098
580	644	0.45092
580	645	0.040986
580	646	0.194394
580	647	1.201707
580	648	5.206208
580	649	0.835994
580	650	0.325441
580	651	1.0360639999999999
580	652	1.072825
580	653	0.802737
580	654	4.149004
581	1	41.371437
581	2	88.37984499999999
581	3	172.033142
581	572	0.776036
581	573	0.126217
581	574	0.400782
581	575	0.41144899999999995
581	576	0.47117299999999995
581	577	0.386185
581	578	0.379021
581	579	0.42506099999999997
581	580	0.73903
581	581	1.767318
581	582	0.6936329999999999
581	583	0.5130399999999999
581	584	3.12827
581	585	1.104157
581	586	1.616373
581	587	3.3061910000000005
581	588	0.41768299999999997
581	590	0.16762
581	591	0.599468
581	592	18.343248000000003
581	593	0.245444
581	595	5.13045
581	596	0.0
581	597	1.005984
581	598	1.9400830000000002
581	599	0.031772
581	600	3.179615
581	601	0.192242
581	602	2.4263619999999997
581	603	1.044361
581	604	3.014784
581	605	3.728767
581	606	0.08111
581	607	0.0
581	608	14.239802
581	609	0.0
581	610	3.717479
581	611	0.7853979999999999
581	612	0.546612
581	613	0.157598
581	614	9.947401
581	615	1.6040020000000001
581	616	0.701099
581	617	1.8545779999999998
581	618	12.351956
581	619	0.11158299999999999
581	620	0.195772
581	621	1.445301
581	622	12.685018
581	623	0.3067
581	624	1.6620970000000002
581	625	1.698763
581	626	4.689731
581	627	5.8026800000000005
581	628	2.0572790000000003
581	629	1.147925
581	630	0.147326
581	631	1.538318
581	632	0.10487
581	633	6.17552
581	634	0.465819
581	635	1.379421
581	636	0.262236
581	637	0.479446
581	638	5.070563
581	639	2.896558
581	640	1.140464
581	641	0.815121
581	642	2.167059
581	643	2.0537099999999997
581	644	1.1133389999999999
581	645	0.098052
581	646	0.471455
581	647	3.173142
581	648	13.912606
581	649	2.148389
581	650	0.8329200000000001
581	651	2.7273110000000003
581	652	2.877097
581	653	2.075171
581	654	10.765787
582	1	26.645334000000002
582	2	48.530766
582	3	75.596725
582	572	0.37585999999999997
582	573	0.203071
582	574	0.458924
582	575	0.5561520000000001
582	576	0.327468
582	577	0.317864
582	578	0.295377
582	579	0.312678
582	580	0.417667
582	581	0.6936329999999999
582	582	5.624127
582	583	2.4327919999999996
582	584	2.534125
582	585	1.108108
582	586	3.199919
582	587	3.417743
582	588	0.822493
582	590	0.838619
582	591	1.3144209999999998
582	592	29.052414000000002
582	593	0.783425
582	595	6.9468559999999995
582	596	0.0
582	597	0.941464
582	598	2.246232
582	599	0.087535
582	600	3.933614
582	601	0.180627
582	602	4.071785
582	603	2.766263
582	604	6.7913190000000005
582	605	11.140941
582	606	0.35393
582	607	0.0
582	608	27.66013
582	609	0.0
582	610	9.271027
582	611	1.9060400000000002
582	612	1.396672
582	613	0.45238100000000003
582	614	20.376925
582	615	3.383407
582	616	2.300723
582	617	4.511203
582	618	28.943827000000002
582	619	0.490569
582	620	0.6590630000000001
582	621	4.533849
582	622	35.222042
582	623	0.798798
582	624	4.601822
582	625	4.8963849999999995
582	626	13.40535
582	627	13.401217
582	628	4.6587629999999995
582	629	2.677319
582	630	0.418246
582	631	3.4204589999999997
582	632	0.347109
582	633	13.483678
582	634	1.1716719999999998
582	635	3.093366
582	636	0.788866
582	637	1.207754
582	638	11.11484
582	639	6.6052539999999995
582	640	2.60653
582	641	1.882322
582	642	4.811185
582	643	4.541531
582	644	2.635617
582	645	0.24024099999999998
582	646	1.15916
582	647	6.947944000000001
582	648	30.259796
582	649	4.869056
582	650	1.9273900000000002
582	651	5.996465
582	652	6.263306
582	653	4.725493
582	654	23.69887
583	1	25.992785
583	2	34.828041
583	3	53.51178
583	572	0.255168
583	573	0.14965499999999998
583	574	0.334652
583	575	0.397812
583	576	0.229532
583	577	0.22746799999999998
583	578	0.20592600000000003
583	579	0.22488200000000003
583	580	0.300929
583	581	0.5130399999999999
583	582	2.4327919999999996
583	583	7.176564
583	584	1.700965
583	585	0.773924
583	586	2.095997
583	587	2.284817
583	588	0.5630649999999999
583	590	0.901028
583	591	1.230517
583	592	19.622944
583	593	0.667655
583	595	4.7708639999999995
583	596	0.0
583	597	0.635518
583	598	1.451806
583	599	0.063928
583	600	2.5865650000000002
583	601	0.128925
583	602	2.806279
583	603	2.219537
583	604	4.312808
583	605	7.754016
583	606	0.5326
583	607	0.0
583	608	32.943359
583	609	0.0
583	610	12.972754
583	611	2.724736
583	612	2.003406
583	613	0.48336899999999994
583	614	25.608393
583	615	4.541439
583	616	3.31956
583	617	6.321419000000001
583	618	40.772465000000004
583	619	1.013716
583	620	1.128935
583	621	6.391945
583	622	53.354675
583	623	1.087397
583	624	6.489501000000001
583	625	6.872464
583	626	20.245995999999998
583	627	18.640099
583	628	6.4765239999999995
583	629	3.771657
583	630	0.604924
583	631	4.8963790000000005
583	632	0.520012
583	633	19.274242
583	634	1.700777
583	635	4.434731
583	636	1.139243
583	637	1.6974080000000002
583	638	15.751276999999998
583	639	9.102267999999999
583	640	3.596975
583	641	2.609563
583	642	6.61575
583	643	6.089645
583	644	3.613234
583	645	0.328083
583	646	1.6174309999999998
583	647	9.600304
583	648	42.591991
583	649	6.712644999999999
583	650	2.699911
583	651	8.293688000000001
583	652	8.922145
583	653	6.480221
583	654	32.59697
584	1	24.86071
584	2	73.865288
584	3	121.15727199999999
584	572	0.6672060000000001
584	573	1.100883
584	574	2.176524
584	575	2.2765619999999998
584	576	0.8355739999999999
584	577	1.092042
584	578	0.7094699999999999
584	579	0.947263
584	580	1.512509
584	581	3.12827
584	582	2.534125
584	583	1.700965
584	584	4.40299
584	585	2.913152
584	586	2.1790830000000003
584	587	2.876512
584	588	1.451453
584	590	0.601834
584	591	0.318042
584	592	6.093452
584	593	0.708973
584	595	2.101872
584	596	0.0
584	597	1.755308
584	598	1.271947
584	599	0.428411
584	600	2.196776
584	601	0.588697
584	602	2.444396
584	603	1.7620369999999999
584	604	2.171031
584	605	2.2209939999999997
584	606	0.39668400000000004
584	607	0.0
584	608	4.288402
584	609	0.0
584	610	1.283007
584	611	0.459283
584	612	0.45772700000000005
584	613	0.41375200000000006
584	614	4.158165
584	615	0.8375379999999999
584	616	0.5187430000000001
584	617	0.734392
584	618	4.046069
584	619	0.336751
584	620	0.245329
584	621	1.013519
584	622	4.842412
584	623	0.127476
584	624	0.816904
584	625	0.76265
584	626	2.2738810000000003
584	627	2.1031400000000002
584	628	0.74651
584	629	0.541115
584	630	0.20774299999999998
584	631	0.533339
584	632	0.233096
584	633	1.836988
584	634	0.41161800000000004
584	635	0.579334
584	636	0.382865
584	637	0.364101
584	638	1.5937620000000001
584	639	1.056585
584	640	0.46360200000000007
584	641	0.373633
584	642	0.670985
584	643	0.660672
584	644	0.673168
584	645	0.07510499999999999
584	646	0.36352399999999996
584	647	0.9294899999999999
584	648	4.045731
584	649	0.877516
584	650	0.407149
584	651	0.81501
584	652	0.920125
584	653	0.687012
584	654	3.182916
585	1	20.098238000000002
585	2	52.10519
585	3	82.94364200000001
585	572	0.480387
585	573	0.369648
585	574	0.78683
585	575	0.810109
585	576	0.47554700000000005
585	577	0.504169
585	578	0.42884700000000003
585	579	0.41784799999999994
585	580	0.626943
585	581	1.104157
585	582	1.108108
585	583	0.773924
585	584	2.913152
585	585	2.675704
585	586	1.623955
585	587	3.3371800000000005
585	588	0.66178
585	590	0.25708000000000003
585	591	0.385056
585	592	10.985327
585	593	0.31064899999999995
585	595	3.1088869999999997
585	596	0.0
585	597	1.097464
585	598	1.2682200000000001
585	599	0.109339
585	600	2.622753
585	601	0.235915
585	602	2.041843
585	603	1.110385
585	604	2.511238
585	605	2.949895
585	606	0.144556
585	607	0.0
585	608	8.176810000000001
585	609	0.0
585	610	2.280447
585	611	0.49252799999999997
585	612	0.380146
585	613	0.189047
585	614	6.042762000000001
585	615	1.01769
585	616	0.5698479999999999
585	617	1.112275
585	618	7.061947
585	619	0.15879200000000002
585	620	0.187076
585	621	1.154652
585	622	8.894974000000001
585	623	0.205548
585	624	1.14835
585	625	1.209527
585	626	3.479026
585	627	3.3769910000000003
585	628	1.186251
585	629	0.688983
585	630	0.124769
585	631	0.8451270000000001
585	632	0.11006800000000001
585	633	3.301506
585	634	0.322408
585	635	0.781803
585	636	0.233769
585	637	0.331512
585	638	2.761755
585	639	1.699825
585	640	0.679226
585	641	0.494904
585	642	1.231559
585	643	1.202356
585	644	0.727591
585	645	0.069002
585	646	0.324902
585	647	1.7689990000000002
585	648	7.534966000000001
585	649	1.2733649999999999
585	650	0.503875
585	651	1.520566
585	652	1.556016
585	653	1.2046
585	654	6.073478
586	1	23.034925
586	2	54.883026
586	3	87.63871800000001
586	572	0.43289099999999997
586	573	0.516243
586	574	1.054477
586	575	1.18929
586	576	0.46028500000000006
586	577	0.547139
586	578	0.394959
586	579	0.547259
586	580	0.793086
586	581	1.616373
586	582	3.199919
586	583	2.095997
586	584	2.1790830000000003
586	585	1.623955
586	586	5.964898000000001
586	587	3.0224159999999998
586	588	1.4320709999999999
586	590	0.7351270000000001
586	591	0.570971
586	592	14.545973000000002
586	593	0.771799
586	595	4.398614
586	596	0.0
586	597	1.154563
586	598	2.073867
586	599	0.23320100000000002
586	600	3.475278
586	601	0.33157600000000004
586	602	3.6970129999999997
586	603	2.274323
586	604	4.63492
586	605	4.894914
586	606	0.398466
586	607	0.0
586	608	10.323949
586	609	0.0
586	610	3.3513230000000003
586	611	0.859302
586	612	0.736664
586	613	0.44984799999999997
586	614	8.366506
586	615	1.505119
586	616	1.002437
586	617	1.7243669999999998
586	618	10.471764
586	619	0.41558
586	620	0.375655
586	621	1.9775619999999998
586	622	12.810296000000001
586	623	0.306577
586	624	1.8193169999999999
586	625	1.842744
586	626	5.266765
586	627	5.081245
586	628	1.782705
586	629	1.1195899999999999
586	630	0.28244
586	631	1.28529
586	632	0.287109
586	633	4.83632
586	634	0.640759
586	635	1.248334
586	636	0.52567
586	637	0.611526
586	638	4.068662000000001
586	639	2.5335080000000003
586	640	1.040805
586	641	0.785036
586	642	1.7614759999999998
586	643	1.701207
586	644	1.234624
586	645	0.12471900000000001
586	646	0.600061
586	647	2.506944
586	648	10.844928
586	649	1.9556419999999999
586	650	0.8228540000000001
586	651	2.172148
586	652	2.3098389999999998
586	653	1.752414
586	654	8.477019
587	1	29.426496999999998
587	2	83.318321
587	3	136.847397
587	572	0.723577
587	573	1.14906
587	574	2.292109
587	575	2.209094
587	576	0.870757
587	577	1.114657
587	578	0.7358359999999999
587	579	1.004913
587	580	1.632806
587	581	3.3061910000000005
587	582	3.417743
587	583	2.284817
587	584	2.876512
587	585	3.3371800000000005
587	586	3.0224159999999998
587	587	7.199337
587	588	2.072537
587	590	0.808264
587	591	0.454171
587	592	9.092608
587	593	0.96562
587	595	3.072504
587	596	0.0
587	597	1.761752
587	598	1.776016
587	599	0.457137
587	600	3.338829
587	601	0.588307
587	602	3.4595480000000003
587	603	2.4364470000000003
587	604	3.09747
587	605	3.2008810000000003
587	606	0.531817
587	607	0.0
587	608	6.354202
587	609	0.0
587	610	1.8860150000000002
587	611	0.642712
587	612	0.629504
587	613	0.558466
587	614	6.037081
587	615	1.198979
587	616	0.731103
587	617	1.062535
587	618	5.9354379999999995
587	619	0.45203000000000004
587	620	0.336248
587	621	1.4287219999999998
587	622	7.156806
587	623	0.185449
587	624	1.171375
587	625	1.107334
587	626	3.288473
587	627	3.054173
587	628	1.081595
587	629	0.7673840000000001
587	630	0.280831
587	631	0.771547
587	632	0.312296
587	633	2.6941479999999998
587	634	0.563533
587	635	0.8245100000000001
587	636	0.518213
587	637	0.5033770000000001
587	638	2.327858
587	639	1.5330290000000002
587	640	0.665798
587	641	0.531362
587	642	0.9876969999999999
587	643	0.972109
587	644	0.941148
587	645	0.103788
587	646	0.501549
587	647	1.373384
587	648	5.9599720000000005
587	649	1.258987
587	650	0.5756060000000001
587	651	1.2020030000000002
587	652	1.339464
587	653	1.0075370000000001
587	654	4.719518
588	1	11.355642
588	2	26.325726
588	3	41.048922999999995
588	572	0.214527
588	573	0.128883
588	574	0.285317
588	575	0.346702
588	576	0.191752
588	577	0.190691
588	578	0.172975
588	579	0.186682
588	580	0.25152199999999997
588	581	0.41768299999999997
588	582	0.822493
588	583	0.5630649999999999
588	584	1.451453
588	585	0.66178
588	586	1.4320709999999999
588	587	2.072537
588	588	0.868081
588	590	0.186564
588	591	0.332877
588	592	9.95937
588	593	0.227251
588	595	2.797827
588	596	0.0
588	597	0.550924
588	598	1.1122969999999999
588	599	0.05852
588	600	2.42267
588	601	0.108982
588	602	1.781353
588	603	0.9042979999999999
588	604	2.246298
588	605	2.64678
588	606	0.097599
588	607	0.0
588	608	7.218486
588	609	0.0
588	610	2.022199
588	611	0.42110600000000004
588	612	0.314065
588	613	0.138097
588	614	5.2816160000000005
588	615	0.8787870000000001
588	616	0.49044899999999997
588	617	0.9766440000000001
588	618	6.277058
588	619	0.11575799999999999
588	620	0.150394
588	621	0.9896360000000001
588	622	7.796983999999999
588	623	0.178346
588	624	1.0040850000000001
588	625	1.065831
588	626	3.0047490000000003
588	627	2.9608380000000003
588	628	1.037616
588	629	0.59523
588	630	0.097059
588	631	0.749627
588	632	0.081527
588	633	2.952077
588	634	0.264923
588	635	0.684042
588	636	0.18246199999999999
588	637	0.274623
588	638	2.45222
588	639	1.48104
588	640	0.5874689999999999
588	641	0.42509399999999997
588	642	1.080976
588	643	1.040016
588	644	0.607448
588	645	0.056227
588	646	0.267013
588	647	1.559305
588	648	6.6989160000000005
588	649	1.099585
588	650	0.432493
588	651	1.3404049999999998
588	652	1.381992
588	653	1.054546
588	654	5.361594
590	1	8.132164999999999
590	2	11.922722
590	3	19.122742000000002
590	572	0.089662
590	573	0.045297000000000004
590	574	0.10366700000000001
590	575	0.12580999999999998
590	576	0.076709
590	577	0.073425
590	578	0.069204
590	579	0.07232999999999999
590	580	0.097361
590	581	0.16762
590	582	0.838619
590	583	0.901028
590	584	0.601834
590	585	0.25708000000000003
590	586	0.7351270000000001
590	587	0.808264
590	588	0.186564
590	590	0.572917
590	591	0.631551
590	592	9.554214
590	593	0.362102
590	595	2.019168
590	596	0.0
590	597	0.227357
590	598	0.571836
590	599	0.019249000000000002
590	600	0.934031
590	601	0.04162
590	602	1.049215
590	603	1.136297
590	604	1.554734
590	605	2.874843
590	606	0.146082
590	607	0.0
590	608	12.879481
590	609	0.0
590	610	3.9873489999999996
590	611	0.812945
590	612	0.588845
590	613	0.204225
590	614	9.64155
590	615	1.603453
590	616	1.030327
590	617	1.9544860000000002
590	618	12.500961
590	619	0.187394
590	620	0.275303
590	621	1.954675
590	622	15.002395000000002
590	623	0.338375
590	624	1.980491
590	625	2.110411
590	626	5.664013
590	627	5.712592
590	628	1.9739520000000002
590	629	1.1367559999999999
590	630	0.17281400000000002
590	631	1.464299
590	632	0.14215899999999998
590	633	5.774323000000001
590	634	0.49194799999999994
590	635	1.316418
590	636	0.32711999999999997
590	637	0.505846
590	638	4.735774
590	639	2.786795
590	640	1.095847
590	641	0.790717
590	642	2.026001
590	643	1.889748
590	644	1.093983
590	645	0.098884
590	646	0.48148500000000005
590	647	2.9272240000000003
590	648	12.862559
590	649	2.045128
590	650	0.813075
590	651	2.533359
590	652	2.668093
590	653	2.000184
590	654	10.090257000000001
591	1	8.758759
591	2	13.915269
591	3	23.895960000000002
591	572	0.09120700000000001
591	573	0.15321300000000002
591	574	0.30432800000000004
591	575	0.36541999999999997
591	576	0.11048
591	577	0.14495999999999998
591	578	0.098964
591	579	0.162481
591	580	0.23983800000000002
591	581	0.599468
591	582	1.3144209999999998
591	583	1.230517
591	584	0.318042
591	585	0.385056
591	586	0.570971
591	587	0.454171
591	588	0.332877
591	590	0.631551
591	591	0.645149
591	592	3.006503
591	593	0.8361629999999999
591	595	0.829752
591	596	0.0
591	597	0.287531
591	598	0.39016799999999996
591	599	0.064932
591	600	0.5212
591	601	0.098873
591	602	0.917266
591	603	1.148407
591	604	0.749525
591	605	1.052914
591	606	0.519125
591	607	0.0
591	608	4.3849279999999995
591	609	0.0
591	610	1.240063
591	611	0.540298
591	612	0.550842
591	613	0.51425
591	614	4.919331
591	615	1.055812
591	616	0.521519
591	617	0.880648
591	618	4.279135
591	619	0.25062
591	620	0.214146
591	621	0.814103
591	622	4.020728
591	623	0.11696300000000001
591	624	0.78785
591	625	0.678301
591	626	1.914932
591	627	2.2112700000000003
591	628	0.7726529999999999
591	629	0.595825
591	630	0.251477
591	631	0.569878
591	632	0.295111
591	633	1.8873080000000002
591	634	0.49078599999999994
591	635	0.63468
591	636	0.43772799999999995
591	637	0.40938
591	638	1.631678
591	639	1.062292
591	640	0.47611899999999996
591	641	0.391424
591	642	0.643023
591	643	0.615859
591	644	0.715853
591	645	0.080332
591	646	0.403616
591	647	0.880217
591	648	4.009476
591	649	0.902482
591	650	0.44125299999999995
591	651	0.792033
591	652	0.9479209999999999
591	653	0.685693
591	654	3.213435
592	1	149.121597
592	2	348.269318
592	3	613.8123780000001
592	572	2.299054
592	573	4.72933
592	574	9.289214
592	575	11.209152
592	576	3.067485
592	577	4.254762
592	578	2.749198
592	579	4.7953269999999995
592	580	7.1359330000000005
592	581	18.343248000000003
592	582	29.052414000000002
592	583	19.622944
592	584	6.093452
592	585	10.985327
592	586	14.545973000000002
592	587	9.092608
592	588	9.95937
592	590	9.554214
592	591	3.006503
592	592	29.090206
592	593	13.045056
592	595	11.370254
592	596	0.0
592	597	7.723555
592	598	8.3334
592	599	2.0493919999999997
592	600	9.31912
592	601	2.947496
592	602	23.317787
592	603	23.473314000000002
592	604	14.202110999999999
592	605	12.878103999999999
592	606	7.20955
592	607	0.0
592	608	7.460462
592	609	0.0
592	610	3.272236
592	611	4.805272
592	612	5.971541
592	613	9.644252999999999
592	614	27.314339
592	615	7.746517
592	616	4.231547
592	617	4.194108
592	618	12.345713
592	619	3.803005
592	620	2.3698349999999997
592	621	6.761477
592	622	8.783491
592	623	0.5140279999999999
592	624	4.848453
592	625	3.040202
592	626	9.875144
592	627	9.58193
592	628	3.512985
592	629	4.349383
592	630	3.182563
592	631	2.516816
592	632	3.952686
592	633	4.373943
592	634	5.519598
592	635	4.196530999999999
592	636	5.490819
592	637	4.250177
592	638	4.942758
592	639	4.662936
592	640	2.7675
592	641	2.752442
592	642	1.3776680000000001
592	643	1.50888
592	644	6.592085000000001
592	645	0.849669
592	646	4.2882739999999995
592	647	1.227325
592	648	6.915663
592	649	5.312418
592	650	3.399899
592	651	1.4177309999999999
592	652	3.245269
592	653	2.0467400000000002
592	654	4.398811
593	1	10.317107
593	2	16.192024
593	3	26.399075
593	572	0.11319800000000001
593	573	0.057814
593	574	0.131466
593	575	0.16927799999999998
593	576	0.097924
593	577	0.09370099999999999
593	578	0.090549
593	579	0.09923
593	580	0.134201
593	581	0.245444
593	582	0.783425
593	583	0.667655
593	584	0.708973
593	585	0.31064899999999995
593	586	0.771799
593	587	0.96562
593	588	0.227251
593	590	0.362102
593	591	0.8361629999999999
593	592	13.045056
593	593	0.850115
593	595	2.7450930000000002
593	596	0.0
593	597	0.30698200000000003
593	598	0.7799520000000001
593	599	0.023888
593	600	1.312102
593	601	0.055715999999999995
593	602	1.445345
593	603	1.177794
593	604	1.7929110000000001
593	605	2.852934
593	606	0.19647
593	607	0.0
593	608	16.825429999999997
593	609	0.0
593	610	4.315563
593	611	0.9504879999999999
593	612	0.692569
593	613	0.280597
593	614	12.491516
593	615	2.081473
593	616	0.8973040000000001
593	617	2.300024
593	618	14.428002
593	619	0.138763
593	620	0.23419099999999998
593	621	1.500984
593	622	14.715557
593	623	0.358453
593	624	2.002597
593	625	2.011041
593	626	5.429107
593	627	6.701554
593	628	2.311209
593	629	1.329391
593	630	0.205355
593	631	1.69114
593	632	0.16952
593	633	6.655871
593	634	0.575095
593	635	1.522037
593	636	0.366264
593	637	0.58822
593	638	5.480682
593	639	3.2440279999999997
593	640	1.276286
593	641	0.920696
593	642	2.352976
593	643	2.239118
593	644	1.297253
593	645	0.118028
593	646	0.569156
593	647	3.387546
593	648	14.9093
593	649	2.4039330000000003
593	650	0.952357
593	651	2.960852
593	652	3.079452
593	653	2.347851
593	654	12.357152000000001
595	1	41.158077
595	2	104.032661
595	3	181.267212
595	572	0.7000689999999999
595	573	1.3204
595	574	2.604189
595	575	3.195408
595	576	0.9022600000000001
595	577	1.222643
595	578	0.814645
595	579	1.3800299999999999
595	580	2.03207
595	581	5.13045
595	582	6.9468559999999995
595	583	4.7708639999999995
595	584	2.101872
595	585	3.1088869999999997
595	586	4.398614
595	587	3.072504
595	588	2.797827
595	590	2.019168
595	591	0.829752
595	592	11.370254
595	593	2.7450930000000002
595	595	8.371769
595	596	0.0
595	597	2.345866
595	598	2.960097
595	599	0.557535
595	600	3.6399220000000003
595	601	0.8456790000000001
595	602	6.980731
595	603	5.490497
595	604	4.321752
595	605	4.37131
595	606	1.519915
595	607	0.0
595	608	8.026549000000001
595	609	0.0
595	610	1.9481689999999998
595	611	1.2619200000000002
595	612	1.424951
595	613	2.124717
595	614	9.102308
595	615	2.153886
595	616	1.114929
595	617	1.513244
595	618	6.773282000000001
595	619	0.92064
595	620	0.587213
595	621	2.051847
595	622	6.1791730000000005
595	623	0.21179099999999998
595	624	1.5760370000000001
595	625	1.213902
595	626	3.647521
595	627	3.954878
595	628	1.417039
595	629	1.287038
595	630	0.7116399999999999
595	631	1.028681
595	632	0.8582690000000001
595	633	2.927146
595	634	1.303197
