$OR;D2
* From-Time To-Time
0.00  8.00
* Factor
1
*To From Factor
1	1	0.0
1	2	0.0
1	3	5298.4835696
1	572	7.060119
1	573	4.808126
1	574	9.807046
1	575	10.390553
1	576	5.628609
1	577	5.664897
1	578	4.712253
1	579	6.427716
1	580	7.977909
1	581	18.995911
1	582	18.039242
1	583	19.33992
1	584	27.873074
1	585	15.481153
1	586	20.088127
1	587	28.059757
1	588	7.528648
1	590	6.033192
1	591	7.043838
1	592	126.925461
1	593	8.072146
1	595	39.4818
1	596	0.0
1	597	13.364174
1	598	17.381151
1	599	1.462844
1	600	29.449366
1	601	3.867401
1	602	24.238312
1	603	13.774034
1	604	29.457315
1	605	36.064598
1	606	8.109282
1	607	0.0
1	608	139.401917
1	609	0.0
1	610	39.813549
1	611	15.225121
1	612	14.790792
1	613	4.338072
1	614	98.452568
1	615	18.863232
1	616	10.398429
1	617	19.311468
1	618	122.377991
1	619	5.811344
1	620	5.717623
1	621	22.751539
1	622	149.971893
1	623	4.772535
1	624	22.542007
1	625	22.90313
1	626	73.963905
1	627	82.59819
1	628	42.668049
1	629	24.957304
1	630	8.515191
1	631	25.43087
1	632	7.400799
1	633	91.493889
1	634	14.869088
1	635	31.112423
1	636	11.502149
1	637	14.240381
1	638	81.707626
1	639	48.994053
1	640	22.692244
1	641	17.201948
1	642	38.067593
1	643	43.784683
1	644	35.031487
1	645	3.540696
1	646	16.38945
1	647	54.140049
1	648	194.063324
1	649	44.685234
1	650	22.475603
1	651	52.081394
1	652	54.008785
1	653	41.735085
1	654	147.346146
2	1	0.0
2	2	0.0
2	3	0.0
2	572	16.271713
2	573	11.714808
2	574	23.592764
2	575	26.054865
2	576	14.155196
2	577	14.362117
2	578	11.372149
2	579	17.064362
2	580	21.82992
2	581	40.671665
2	582	28.260317
2	583	21.984432
2	584	64.378395
2	585	36.086067
2	586	38.231312
2	587	60.792919
2	588	15.448478
2	590	7.634637
2	591	8.792054
2	592	212.34137
2	593	10.933724
2	595	72.530037
2	596	0.0
2	597	30.954262
2	598	35.186329
2	599	3.291207
2	600	59.88813
2	601	9.96275
2	602	44.923565
2	603	21.840645
2	604	52.739372
2	605	57.584778
2	606	5.894537
2	607	0.0
2	608	122.776115
2	609	0.0
2	610	26.122364
2	611	9.916454
2	612	8.742189
2	613	5.093988
2	614	102.186455
2	615	20.454403
2	616	10.903293
2	617	18.222418
2	618	95.505081
2	619	5.077228
2	620	4.119061
2	621	19.93619
2	622	93.493279
2	623	2.735451
2	624	15.950262
2	625	16.634605
2	626	47.514439
2	627	46.916332
2	628	19.493092
2	629	13.040394
2	630	3.892921
2	631	13.835773
2	632	3.96568
2	633	46.534336
2	634	7.479882
2	635	14.65164
2	636	6.244232
2	637	7.444443
2	638	38.884411
2	639	24.349503
2	640	10.565603
2	641	8.100171
2	642	17.88344
2	643	20.118462
2	644	16.158239
2	645	1.628735
2	646	7.597162
2	647	25.38792
2	648	90.202911
2	649	20.683224
2	650	9.705433
2	651	22.930553
2	652	23.739473
2	653	19.17317
2	654	82.942879
3	1	5298.4835696
3	2	0.0
3	3	0.0
3	572	28.251408
3	573	17.09491
3	574	36.047253
3	575	29.26223
3	576	20.724815
3	577	21.050932
3	578	16.678358
3	579	21.08589
3	580	33.254833
3	581	80.257462
3	582	40.827332
3	583	31.433746
3	584	94.303047
3	585	53.008572
3	586	55.451542
3	587	89.289085
3	588	22.155457
3	590	11.417028
3	591	13.323363
3	592	324.882874
3	593	16.67523
3	595	111.093391
3	596	0.0
3	597	39.231594
3	598	54.064388
3	599	4.710193
3	600	88.057854
3	601	11.133449
3	602	68.81382
3	603	32.732445
3	604	76.696693
3	605	83.630882
3	606	8.863858
3	607	0.0
3	608	183.277939
3	609	0.0
3	610	39.033768
3	611	14.867689
3	612	13.059792
3	613	7.679415
3	614	154.577271
3	615	31.039536
3	616	15.664466
3	617	27.403681
3	618	143.604736
3	619	7.219416
3	620	5.841983
3	621	28.480734
3	622	134.481781
3	623	4.048896
3	624	23.530796
3	625	23.857632
3	626	67.483566
3	627	69.819946
3	628	28.846762
3	629	19.378536
3	630	5.771591
3	631	20.663504
3	632	5.924589
3	633	69.456749
3	634	11.140465
3	635	21.816282
3	636	9.270317
3	637	11.014254
3	638	57.820354
3	639	35.923698
3	640	15.56154
3	641	11.926261
3	642	26.304171
3	643	29.274612
3	644	23.630735
3	645	2.372957
3	646	11.159279
3	647	37.28265
3	648	133.698959
3	649	30.421381
3	650	14.336793
3	651	33.775482
3	652	35.258068
3	653	28.344193
3	654	123.279167
572	1	7.060119
572	2	16.271713
572	3	28.251408
572	572	1.128409
572	573	0.238402
572	574	0.570108
572	575	0.225882
572	576	0.225256
572	577	0.203462
572	578	0.174219
572	579	0.175404
572	580	0.232078
572	581	0.572076
572	582	0.26889
572	583	0.178331
572	584	0.921771
572	585	0.524407
572	586	0.404946
572	587	0.798722
572	588	0.174311
572	590	0.065681
572	591	0.067858
572	592	1.824478
572	593	0.086704
572	595	0.653503
572	596	0.0
572	597	0.336954
572	598	0.337585
572	599	0.033553
572	600	0.679664
572	601	0.085139
572	602	0.444962
572	603	0.215015
572	604	0.537859
572	605	0.557083
572	606	0.041277
572	607	0.0
572	608	0.846289
572	609	0.0
572	610	0.186121
572	611	0.067853
572	612	0.058683
572	613	0.037786
572	614	0.755486
572	615	0.153418
572	616	0.089835
572	617	0.131655
572	618	0.672717
572	619	0.038368
572	620	0.03036
572	621	0.157097
572	622	0.686008
572	623	0.019154
572	624	0.121229
572	625	0.127134
572	626	0.33878
572	627	0.313435
572	628	0.12545
572	629	0.085873
572	630	0.025153
572	631	0.091592
572	632	0.026397
572	633	0.305484
572	634	0.048763
572	635	0.095033
572	636	0.041833
572	637	0.048166
572	638	0.250774
572	639	0.154468
572	640	0.066187
572	641	0.050665
572	642	0.110627
572	643	0.117728
572	644	0.097267
572	645	0.009602
572	646	0.046797
572	647	0.157421
572	648	0.574548
572	649	0.128428
572	650	0.061772
572	651	0.143042
572	652	0.151911
572	653	0.123616
572	654	0.551958
573	1	4.808126
573	2	11.714808
573	3	17.09491
573	572	0.238402
573	573	0.535229
573	574	0.376446
573	575	0.178867
573	576	0.186333
573	577	0.166827
573	578	0.142624
573	579	0.141513
573	580	0.173029
573	581	0.291454
573	582	0.205177
573	583	0.133291
573	584	0.744646
573	585	0.424544
573	586	0.314057
573	587	0.634806
573	588	0.136627
573	590	0.049472
573	591	0.05092
573	592	1.389697
573	593	0.065272
573	595	0.501531
573	596	0.0
573	597	0.267835
573	598	0.26177
573	599	0.026406
573	600	0.533339
573	601	0.067549
573	602	0.344174
573	603	0.164906
573	604	0.414578
573	605	0.426032
573	606	0.030595
573	607	0.0
573	608	0.626597
573	609	0.0
573	610	0.137864
573	611	0.050154
573	612	0.043284
573	613	0.028217
573	614	0.56363
573	615	0.114636
573	616	0.067245
573	617	0.097981
573	618	0.498825
573	619	0.028445
573	620	0.022447
573	621	0.116997
573	622	0.507076
573	623	0.014129
573	624	0.089948
573	625	0.094346
573	626	0.249708
573	627	0.231185
573	628	0.092189
573	629	0.063231
573	630	0.018489
573	631	0.067433
573	632	0.019449
573	633	0.224672
573	634	0.035845
573	635	0.069812
573	636	0.03082
573	637	0.035391
573	638	0.184125
573	639	0.113335
573	640	0.048482
573	641	0.037115
573	642	0.080948
573	643	0.0857
573	644	0.070991
573	645	0.006995
573	646	0.034223
573	647	0.11507
573	648	0.421425
573	649	0.094048
573	650	0.045349
573	651	0.104781
573	652	0.111493
573	653	0.090893
573	654	0.407162
574	1	9.807046
574	2	23.592764
574	3	36.047253
574	572	0.570108
574	573	0.376446
574	574	2.418804
574	575	0.346972
574	576	0.353094
574	577	0.317674
574	578	0.271828
574	579	0.271862
574	580	0.332589
574	581	0.660161
574	582	0.406573
574	583	0.266902
574	584	1.429626
574	585	0.814115
574	586	0.617038
574	587	1.233464
574	588	0.266955
574	590	0.09866
574	591	0.101715
574	592	2.753696
574	593	0.130136
574	595	0.989832
574	596	0.0
574	597	0.518577
574	598	0.51376
574	599	0.051463
574	600	1.041534
574	601	0.130856
574	602	0.677122
574	603	0.325584
574	604	0.816675
574	605	0.843519
574	606	0.061432
574	607	0.0
574	608	1.260932
574	609	0.0
574	610	0.276677
574	611	0.100564
574	612	0.086916
574	613	0.056519
574	614	1.129201
574	615	0.229448
574	616	0.134685
574	617	0.196411
574	618	1.000188
574	619	0.057206
574	620	0.04521
574	621	0.234457
574	622	1.021398
574	623	0.028491
574	624	0.180333
574	625	0.189209
574	626	0.503753
574	627	0.465409
574	628	0.185929
574	629	0.127321
574	630	0.037246
574	631	0.135361
574	632	0.039031
574	633	0.451
574	634	0.072045
574	635	0.140294
574	636	0.062048
574	637	0.071414
574	638	0.37027
574	639	0.228925
574	640	0.097972
574	641	0.075003
574	642	0.163603
574	643	0.174022
574	644	0.143906
574	645	0.014198
574	646	0.069247
574	647	0.232676
574	648	0.848769
574	649	0.190191
574	650	0.091513
574	651	0.211664
574	652	0.224116
574	653	0.183438
574	654	0.820257
575	1	10.390553
575	2	26.054865
575	3	29.26223
575	572	0.225882
575	573	0.178867
575	574	0.346972
575	575	2.053915
575	576	0.229804
575	577	0.237329
575	578	0.27152
575	579	0.387148
575	580	0.377725
575	581	0.514837
575	582	0.479864
575	583	0.301954
575	584	1.659028
575	585	0.834096
575	586	0.753731
575	587	1.254256
575	588	0.333713
575	590	0.11338
575	591	0.128326
575	592	3.637776
575	593	0.16479
575	595	1.343721
575	596	0.0
575	597	0.86408
575	598	0.721889
575	599	0.081468
575	600	1.300236
575	601	0.249725
575	602	0.849804
575	603	0.385209
575	604	0.984152
575	605	0.999663
575	606	0.074072
575	607	0.0
575	608	1.536524
575	609	0.0
575	610	0.318014
575	611	0.11978
575	612	0.103
575	613	0.070507
575	614	1.39234
575	615	0.283269
575	616	0.15259
575	617	0.241566
575	618	1.199308
575	619	0.063651
575	620	0.050029
575	621	0.263398
575	622	1.129837
575	623	0.031579
575	624	0.201129
575	625	0.211108
575	626	0.553797
575	627	0.556205
575	628	0.219548
575	629	0.151015
575	630	0.043866
575	631	0.158815
575	632	0.045921
575	633	0.526622
575	634	0.084255
575	635	0.163489
575	636	0.071445
575	637	0.083777
575	638	0.43152
575	639	0.268392
575	640	0.114191
575	641	0.087427
575	642	0.189753
575	643	0.200142
575	644	0.167423
575	645	0.016444
575	646	0.080798
575	647	0.265518
575	648	0.989119
575	649	0.222834
575	650	0.107715
575	651	0.24749
575	652	0.260141
575	653	0.217689
575	654	0.985269
576	1	5.628609
576	2	14.155196
576	3	20.724815
576	572	0.225256
576	573	0.186333
576	574	0.353094
576	575	0.229804
576	576	0.686004
576	577	0.222044
576	578	0.189482
576	579	0.18365
576	580	0.224386
576	581	0.36286
576	582	0.254114
576	583	0.162648
576	584	0.976448
576	585	0.557872
576	586	0.39347
576	587	0.818578
576	588	0.173112
576	590	0.060569
576	591	0.062205
576	592	1.719836
576	593	0.079912
576	595	0.624988
576	596	0.0
576	597	0.344668
576	598	0.329256
576	599	0.033485
576	600	0.675631
576	601	0.086092
576	602	0.432823
576	603	0.205747
576	604	0.516049
576	605	0.527207
576	606	0.036802
576	607	0.0
576	608	0.757301
576	609	0.0
576	610	0.165455
576	611	0.059595
576	612	0.051403
576	613	0.034344
576	614	0.684744
576	615	0.139399
576	616	0.081678
576	617	0.118478
576	618	0.597678
576	619	0.034466
576	620	0.027137
576	621	0.141763
576	622	0.612924
576	623	0.017047
576	624	0.108069
576	625	0.113527
576	626	0.301008
576	627	0.276938
576	628	0.110007
576	629	0.075455
576	630	0.02199
576	631	0.079596
576	632	0.022983
576	633	0.264495
576	634	0.042319
576	635	0.082238
576	636	0.036774
576	637	0.042294
576	638	0.217125
576	639	0.135357
576	640	0.057754
576	641	0.044214
576	642	0.096176
576	643	0.102115
576	644	0.084676
576	645	0.008339
576	646	0.040782
576	647	0.136897
576	648	0.498167
576	649	0.112214
576	650	0.054066
576	651	0.124657
576	652	0.131093
576	653	0.10886
576	654	0.488982
577	1	5.664897
577	2	14.362117
577	3	21.050932
577	572	0.203462
577	573	0.166827
577	574	0.317674
577	575	0.237329
577	576	0.222044
577	577	0.675114
577	578	0.197571
577	579	0.1899
577	580	0.231976
577	581	0.372577
577	582	0.259675
577	583	0.165635
577	584	1.014324
577	585	0.57986
577	586	0.403231
577	587	0.844833
577	588	0.177952
577	590	0.061721
577	591	0.063332
577	592	1.75695
577	593	0.081402
577	595	0.639663
577	596	0.0
577	597	0.356321
577	598	0.337825
577	599	0.034413
577	600	0.694394
577	601	0.088903
577	602	0.444148
577	603	0.210773
577	604	0.528089
577	605	0.538429
577	606	0.037316
577	607	0.0
577	608	0.768909
577	609	0.0
577	610	0.167784
577	611	0.060249
577	612	0.051962
577	613	0.034933
577	614	0.696128
577	615	0.141748
577	616	0.082999
577	617	0.120314
577	618	0.605501
577	619	0.035033
577	620	0.027567
577	621	0.144108
577	622	0.62261
577	623	0.017308
577	624	0.109621
577	625	0.115201
577	626	0.305544
577	627	0.280569
577	628	0.111329
577	629	0.076356
577	630	0.022236
577	631	0.080328
577	632	0.023204
577	633	0.266767
577	634	0.042707
577	635	0.082946
577	636	0.037252
577	637	0.042816
577	638	0.219103
577	639	0.137014
577	640	0.058428
577	641	0.044727
577	642	0.097226
577	643	0.103301
577	644	0.085684
577	645	0.008437
577	646	0.041257
577	647	0.138494
577	648	0.502962
577	649	0.113551
577	650	0.054691
577	651	0.126056
577	652	0.132174
577	653	0.110277
577	654	0.49571
578	1	4.712253
578	2	11.372149
578	3	16.678358
578	572	0.174219
578	573	0.142624
578	574	0.271828
578	575	0.27152
578	576	0.189482
578	577	0.197571
578	578	0.529755
578	579	0.139183
578	580	0.170172
578	581	0.281491
578	582	0.243526
578	583	0.153391
578	584	0.986794
578	585	0.564986
578	586	0.382084
578	587	0.813701
578	588	0.169729
578	590	0.057437
578	591	0.0626
578	592	1.768484
578	593	0.080796
578	595	0.650311
578	596	0.0
578	597	0.410591
578	598	0.348216
578	599	0.038662
578	600	0.663089
578	601	0.078773
578	602	0.419428
578	603	0.19784
578	604	0.498412
578	605	0.505838
578	606	0.03636
578	607	0.0
578	608	0.749049
578	609	0.0
578	610	0.155098
578	611	0.058549
578	612	0.050369
578	613	0.034355
578	614	0.682944
578	615	0.139241
578	616	0.077001
578	617	0.117785
578	618	0.58815
578	619	0.032298
578	620	0.025377
578	621	0.133231
578	622	0.573113
578	623	0.015913
578	624	0.101182
578	625	0.10633
578	626	0.280752
578	627	0.271672
578	628	0.107359
578	629	0.073826
578	630	0.021459
578	631	0.077758
578	632	0.022476
578	633	0.25798
578	634	0.041263
578	635	0.080102
578	636	0.034937
578	637	0.040967
578	638	0.211401
578	639	0.13127
578	640	0.05589
578	641	0.042788
578	642	0.092917
578	643	0.098543
578	644	0.081976
578	645	0.008054
578	646	0.039555
578	647	0.131207
578	648	0.484504
578	649	0.109035
578	650	0.052689
578	651	0.12114
578	652	0.127493
578	653	0.106364
578	654	0.480967
579	1	6.427716
579	2	17.064362
579	3	21.08589
579	572	0.175404
579	573	0.141513
579	574	0.271862
579	575	0.387148
579	576	0.18365
579	577	0.1899
579	578	0.139183
579	579	0.775961
579	580	0.320686
579	581	0.409295
579	582	0.235517
579	583	0.15349
579	584	0.746635
579	585	0.411833
579	586	0.359368
579	587	0.628611
579	588	0.156729
579	590	0.056735
579	591	0.065515
579	592	1.81561
579	593	0.083851
579	595	0.662221
579	596	0.0
579	597	0.388536
579	598	0.349703
579	599	0.037254
579	600	0.610625
579	601	0.154047
579	602	0.417338
579	603	0.188618
579	604	0.473704
579	605	0.487397
579	606	0.03857
579	607	0.0
579	608	0.799072
579	609	0.0
579	610	0.165405
579	611	0.062673
579	612	0.05404
579	613	0.036233
579	614	0.717644
579	615	0.145764
579	616	0.076893
579	617	0.124841
579	618	0.624586
579	619	0.032742
579	620	0.025835
579	621	0.134111
579	622	0.583566
579	623	0.016572
579	624	0.102485
579	625	0.107661
579	626	0.287371
579	627	0.291263
579	628	0.115612
579	629	0.079303
579	630	0.02311
579	631	0.083612
579	632	0.024152
579	633	0.277772
579	634	0.044438
579	635	0.086337
579	636	0.037572
579	637	0.044114
579	638	0.228006
579	639	0.14162
579	640	0.060398
579	641	0.046243
579	642	0.10057
579	643	0.107123
579	644	0.088869
579	645	0.008749
579	646	0.042793
579	647	0.140933
579	648	0.523024
579	649	0.117847
579	650	0.056801
579	651	0.13092
579	652	0.137655
579	653	0.114475
579	654	0.515625
580	1	7.977909
580	2	21.82992
580	3	33.254833
580	572	0.232078
580	573	0.173029
580	574	0.332589
580	575	0.377725
580	576	0.224386
580	577	0.231976
580	578	0.170172
580	579	0.320686
580	580	1.066235
580	581	0.830903
580	582	0.266641
580	583	0.175752
580	584	0.892205
580	585	0.507155
580	586	0.403304
580	587	0.774444
580	588	0.174454
580	590	0.065896
580	591	0.075874
580	592	2.084981
580	593	0.097188
580	595	0.756043
580	596	0.0
580	597	0.388601
580	598	0.396775
580	599	0.040233
580	600	0.679912
580	601	0.149038
580	602	0.476134
580	603	0.215823
580	604	0.533939
580	605	0.552168
580	606	0.045197
580	607	0.0
580	608	0.92959
580	609	0.0
580	610	0.193455
580	611	0.073499
580	612	0.063412
580	613	0.041995
580	614	0.836196
580	615	0.169685
580	616	0.088369
580	617	0.145188
580	618	0.732292
580	619	0.037698
580	620	0.0298
580	621	0.154226
580	622	0.67323
580	623	0.019444
580	624	0.119921
580	625	0.124336
580	626	0.332195
580	627	0.34043
580	628	0.135475
580	629	0.092929
580	630	0.027117
580	631	0.098463
580	632	0.028409
580	633	0.327522
580	634	0.052355
580	635	0.101834
580	636	0.044044
580	637	0.051689
580	638	0.268664
580	639	0.16595
580	640	0.070896
580	641	0.054271
580	642	0.11819
580	643	0.125884
580	644	0.104331
580	645	0.010277
580	646	0.050245
580	647	0.16569
580	648	0.615964
580	649	0.138242
580	650	0.066625
580	651	0.153728
580	652	0.162423
580	653	0.133838
580	654	0.601808
581	1	18.995911
581	2	40.671665
581	3	80.257462
581	572	0.572076
581	573	0.291454
581	574	0.660161
581	575	0.514837
581	576	0.36286
581	577	0.372577
581	578	0.281491
581	579	0.409295
581	580	0.830903
581	581	5.329181
581	582	0.529438
581	583	0.362752
581	584	1.525841
581	585	0.863469
581	586	0.777885
581	587	1.357267
581	588	0.324181
581	590	0.139594
581	591	0.165004
581	592	4.425379
581	593	0.211155
581	595	1.583386
581	596	0.0
581	597	0.609721
581	598	0.816616
581	599	0.073749
581	600	1.309868
581	601	0.199684
581	602	0.992329
581	603	0.441757
581	604	1.046867
581	605	1.096877
581	606	0.100563
581	607	0.0
581	608	2.06219
581	609	0.0
581	610	0.432883
581	611	0.165044
581	612	0.142777
581	613	0.091946
581	614	1.8387
581	615	0.373298
581	616	0.182174
581	617	0.320123
581	618	1.629784
581	619	0.079056
581	620	0.062823
581	621	0.321351
581	622	1.449335
581	623	0.043377
581	624	0.2611
581	625	0.263369
581	626	0.709688
581	627	0.762594
581	628	0.305587
581	629	0.208988
581	630	0.061276
581	631	0.222884
581	632	0.064235
581	633	0.743422
581	634	0.118693
581	635	0.231324
581	636	0.099196
581	637	0.116469
581	638	0.610452
581	639	0.374935
581	640	0.160579
581	641	0.122992
581	642	0.268659
581	643	0.287097
581	644	0.23707
581	645	0.023412
581	646	0.113951
581	647	0.377517
581	648	1.398844
581	649	0.313014
581	650	0.150553
581	651	0.34864
581	652	0.370153
581	653	0.301233
581	654	1.34644
582	1	18.039242
582	2	28.260317
582	3	40.827332
582	572	0.26889
582	573	0.205177
582	574	0.406573
582	575	0.479864
582	576	0.254114
582	577	0.259675
582	578	0.243526
582	579	0.235517
582	580	0.266641
582	581	0.529438
582	582	11.362103
582	583	2.363209
582	584	1.853426
582	585	0.977103
582	586	2.778525
582	587	2.218435
582	588	0.774929
582	590	1.018431
582	591	0.717272
582	592	13.964512
582	593	0.863518
582	595	3.979867
582	596	0.0
582	597	0.712158
582	598	1.53855
582	599	0.105853
582	600	2.859789
582	601	0.149336
582	602	2.977972
582	603	2.164738
582	604	5.29812
582	605	8.168366
582	606	0.385331
582	607	0.0
582	608	7.326
582	609	0.0
582	610	2.093959
582	611	0.718027
582	612	0.601343
582	613	0.321612
582	614	7.191062
582	615	1.490073
582	616	1.225952
582	617	1.570237
582	618	7.544315
582	619	0.439968
582	620	0.332958
582	621	1.94627
582	622	7.502507
582	623	0.202326
582	624	1.404098
582	625	1.477646
582	626	3.520236
582	627	3.225494
582	628	1.21511
582	629	0.859638
582	630	0.244086
582	631	0.910634
582	632	0.26534
582	633	2.988062
582	634	0.47372
582	635	0.91387
582	636	0.431299
582	637	0.470611
582	638	2.395442
582	639	1.46479
582	640	0.61222
582	641	0.467694
582	642	1.002904
582	643	0.999914
582	644	0.856539
582	645	0.08234
582	646	0.424361
582	647	1.456572
582	648	5.409255
582	649	1.179788
582	650	0.588337
582	651	1.320883
582	652	1.432896
582	653	1.207253
582	654	5.428452
583	1	19.33992
583	2	21.984432
583	3	31.433746
583	572	0.178331
583	573	0.133291
583	574	0.266902
583	575	0.301954
583	576	0.162648
583	577	0.165635
583	578	0.153391
583	579	0.15349
583	580	0.175752
583	581	0.362752
583	582	2.363209
583	583	13.645599
583	584	1.124859
583	585	0.598724
583	586	1.47855
583	587	1.319968
583	588	0.437167
583	590	1.053953
583	591	0.676399
583	592	8.673441
583	593	0.664726
583	595	2.49753
583	596	0.0
583	597	0.444743
583	598	0.891118
583	599	0.06328
583	600	1.624946
583	601	0.096679
583	602	1.781394
583	603	1.532694
583	604	2.639244
583	605	4.696803
583	606	0.616685
583	607	0.0
583	608	9.71807
583	609	0.0
583	610	3.377981
583	611	1.154174
583	612	0.957103
583	613	0.345673
583	614	10.220347
583	615	2.312169
583	616	2.104413
583	617	2.597714
583	618	12.274693
583	619	1.194863
583	620	0.701808
583	621	3.221749
583	622	13.763863
583	623	0.31881
583	624	2.28505
583	625	2.404989
583	626	6.307874
583	627	5.110114
583	628	1.894225
583	629	1.353783
583	630	0.381561
583	631	1.441808
583	632	0.4212
583	633	4.715893
583	634	0.744631
583	635	1.434268
583	636	0.679077
583	637	0.733168
583	638	3.749168
583	639	2.269486
583	640	0.942561
583	641	0.720814
583	642	1.540213
583	643	1.50663
583	644	1.30254
583	645	0.124349
583	646	0.65083
583	647	2.233254
583	648	8.415754
583	649	1.815126
583	650	0.913061
583	651	2.034289
583	652	2.238312
583	653	1.88183
583	654	8.561443
584	1	27.873074
584	2	64.378395
584	3	94.303047
584	572	0.921771
584	573	0.744646
584	574	1.429626
584	575	1.659028
584	576	0.976448
584	577	1.014324
584	578	0.986794
584	579	0.746635
584	580	0.892205
584	581	1.525841
584	582	1.853426
584	583	1.124859
584	584	20.665518
584	585	3.850415
584	586	3.002294
584	587	5.852028
584	588	1.363938
584	590	0.426893
584	591	0.412479
584	592	11.764984
584	593	0.533501
584	595	4.137405
584	596	0.0
584	597	2.507775
584	598	2.133429
584	599	0.349517
584	600	5.344139
584	601	0.482028
584	602	3.283231
584	603	1.523467
584	604	3.868494
584	605	3.864236
584	606	0.238085
584	607	0.0
584	608	4.896115
584	609	0.0
584	610	1.117449
584	611	0.388645
584	612	0.333834
584	613	0.225789
584	614	4.483387
584	615	0.914902
584	616	0.565317
584	617	0.784562
584	618	3.942381
584	619	0.233568
584	620	0.1827
584	621	0.971084
584	622	4.12494
584	623	0.114127
584	624	0.732955
584	625	0.770426
584	626	2.010066
584	627	1.800798
584	628	0.709516
584	629	0.488724
584	630	0.141834
584	631	0.514635
584	632	0.14883
584	633	1.706109
584	634	0.272787
584	635	0.529291
584	636	0.245271
584	637	0.274918
584	638	1.396389
584	639	0.874138
584	640	0.370127
584	641	0.28361
584	642	0.615237
584	643	0.646991
584	644	0.53923
584	645	0.052909
584	646	0.260917
584	647	0.897863
584	648	3.197983
584	649	0.718752
584	650	0.347911
584	651	0.798688
584	652	0.841578
584	653	0.703171
584	654	3.13647
585	1	15.481153
585	2	36.086067
585	3	53.008572
585	572	0.524407
585	573	0.424544
585	574	0.814115
585	575	0.834096
585	576	0.557872
585	577	0.57986
585	578	0.564986
585	579	0.411833
585	580	0.507155
585	581	0.863469
585	582	0.977103
585	583	0.598724
585	584	3.850415
585	585	6.17655
585	586	1.569495
585	587	3.51324
585	588	0.709054
585	590	0.226381
585	591	0.219289
585	592	6.21439
585	593	0.283448
585	595	2.179135
585	596	0.0
585	597	1.257852
585	598	1.09655
585	599	0.128238
585	600	2.775606
585	601	0.243553
585	602	1.719793
585	603	0.801831
585	604	2.028435
585	605	2.034635
585	606	0.127046
585	607	0.0
585	608	2.615859
585	609	0.0
585	610	0.595898
585	611	0.207049
585	612	0.178053
585	613	0.12025
585	614	2.390531
585	615	0.487673
585	616	0.300624
585	617	0.417889
585	618	2.100204
585	619	0.124744
585	620	0.097683
585	621	0.517221
585	622	2.2056
585	623	0.061076
585	624	0.390542
585	625	0.410606
585	626	1.07616
585	627	0.962371
585	628	0.379678
585	629	0.261158
585	630	0.075832
585	631	0.274355
585	632	0.079346
585	633	0.909613
585	634	0.145549
585	635	0.282378
585	636	0.13109
585	637	0.147157
585	638	0.745574
585	639	0.468331
585	640	0.198367
585	641	0.152
585	642	0.329763
585	643	0.347923
585	644	0.289615
585	645	0.028445
585	646	0.139939
585	647	0.481313
585	648	1.709313
585	649	0.385372
585	650	0.186215
585	651	0.427895
585	652	0.449199
585	653	0.376529
585	654	1.677355
586	1	20.088127
586	2	38.231312
586	3	55.451542
586	572	0.404946
586	573	0.314057
586	574	0.617038
586	575	0.753731
586	576	0.39347
586	577	0.403231
586	578	0.382084
586	579	0.359368
586	580	0.403304
586	581	0.777885
586	582	2.778525
586	583	1.47855
586	584	3.002294
586	585	1.569495
586	586	12.411745
586	587	3.656869
586	588	1.354233
586	590	0.588347
586	591	0.465342
586	592	13.998296
586	593	0.609711
586	595	5.026065
586	596	0.0
586	597	1.125669
586	598	2.59887
586	599	0.174973
586	600	4.981912
586	601	0.229192
586	602	4.165028
586	603	1.867063
586	604	5.990811
586	605	5.630459
586	606	0.260842
586	607	0.0
586	608	5.288126
586	609	0.0
586	610	1.401158
586	611	0.48402
586	612	0.411455
586	613	0.250589
586	614	4.967878
586	615	1.019572
586	616	0.752449
586	617	1.01114
586	618	4.985646
586	619	0.293906
586	620	0.226789
586	621	1.252193
586	622	5.116155
586	623	0.140045
586	624	0.927337
586	625	0.975421
586	626	2.453887
586	627	2.217215
586	628	0.857157
586	629	0.597021
586	630	0.171606
586	631	0.629176
586	632	0.182525
586	633	2.076083
586	634	0.330961
586	635	0.640404
586	636	0.299583
586	637	0.332158
586	638	1.684963
586	639	1.047361
586	640	0.440558
586	641	0.337392
586	642	0.727997
586	643	0.748931
586	644	0.631634
586	645	0.061434
586	646	0.308635
586	647	1.060194
586	648	3.837955
586	649	0.853743
586	650	0.418103
586	651	0.950469
586	652	1.011944
586	653	0.850807
586	654	3.755275
587	1	28.059757
587	2	60.792919
587	3	89.289085
587	572	0.798722
587	573	0.634806
587	574	1.233464
587	575	1.254256
587	576	0.818578
587	577	0.844833
587	578	0.813701
587	579	0.628611
587	580	0.774444
587	581	1.357267
587	582	2.218435
587	583	1.319968
587	584	5.852028
587	585	3.51324
587	586	3.656869
587	587	21.150661
587	588	1.699728
587	590	0.504694
587	591	0.486352
587	592	14.06802
587	593	0.63203
587	595	4.971109
587	596	0.0
587	597	1.889564
587	598	2.519289
587	599	0.302329
587	600	6.693054
587	601	0.374843
587	602	3.996006
587	603	1.835304
587	604	4.679953
587	605	4.638662
587	606	0.277567
587	607	0.0
587	608	5.702766
587	609	0.0
587	610	1.300841
587	611	0.451653
587	612	0.387375
587	613	0.265006
587	614	5.265227
587	615	1.076779
587	616	0.66523
587	617	0.917572
587	618	4.5947
587	619	0.272239
587	620	0.212494
587	621	1.135822
587	622	4.796972
587	623	0.132496
587	624	0.854406
587	625	0.898288
587	626	2.331689
587	627	2.090884
587	628	0.821219
587	629	0.566535
587	630	0.164153
587	631	0.596096
587	632	0.172508
587	633	1.974508
587	634	0.3156
587	635	0.612012
587	636	0.284346
587	637	0.318235
587	638	1.614458
587	639	1.010632
587	640	0.427441
587	641	0.327485
587	642	0.709701
587	643	0.744066
587	644	0.621286
587	645	0.060878
587	646	0.301029
587	647	1.035322
587	648	3.694955
587	649	0.829805
587	650	0.402276
587	651	0.922158
587	652	0.972175
587	653	0.814355
587	654	3.641461
588	1	7.528648
588	2	15.448478
588	3	22.155457
588	572	0.174311
588	573	0.136627
588	574	0.266955
588	575	0.333713
588	576	0.173112
588	577	0.177952
588	578	0.169729
588	579	0.156729
588	580	0.174454
588	581	0.324181
588	582	0.774929
588	583	0.437167
588	584	1.363938
588	585	0.709054
588	586	1.354233
588	587	1.699728
588	588	1.656152
588	590	0.170497
588	591	0.162677
588	592	4.882288
588	593	0.21306
588	595	1.751301
588	596	0.0
588	597	0.50031
588	598	0.906881
588	599	0.07994
588	600	2.356322
588	601	0.100065
588	602	1.450824
588	603	0.650341
588	604	1.685672
588	605	1.632309
588	606	0.090515
588	607	0.0
588	608	1.851828
588	609	0.0
588	610	0.423638
588	611	0.146952
588	612	0.125455
588	613	0.087664
588	614	1.73848
588	615	0.356769
588	616	0.22156
588	617	0.301789
588	618	1.50203
588	619	0.088566
588	620	0.068742
588	621	0.373661
588	622	1.551329
588	623	0.042659
588	624	0.279313
588	625	0.293627
588	626	0.749098
588	627	0.675202
588	628	0.26315
588	629	0.182483
588	630	0.052686
588	631	0.192657
588	632	0.055816
588	633	0.637239
588	634	0.101635
588	635	0.196962
588	636	0.091575
588	637	0.101939
588	638	0.518768
588	639	0.322523
588	640	0.136092
588	641	0.104235
588	642	0.225495
588	643	0.233813
588	644	0.196265
588	645	0.019155
588	646	0.09556
588	647	0.328751
588	648	1.183507
588	649	0.263823
588	650	0.128622
588	651	0.293677
588	652	0.312114
588	653	0.260863
588	654	1.174112
590	1	6.033192
590	2	7.634637
590	3	11.417028
590	572	0.065681
590	573	0.049472
590	574	0.09866
590	575	0.11338
590	576	0.060569
590	577	0.061721
590	578	0.057437
590	579	0.056735
590	580	0.065896
590	581	0.139594
590	582	1.018431
590	583	1.053953
590	584	0.426893
590	585	0.226381
590	586	0.588347
590	587	0.504694
590	588	0.170497
590	590	1.495902
590	591	0.451051
590	592	4.935998
590	593	0.550243
590	595	1.171635
590	596	0.0
590	597	0.173557
590	598	0.382338
590	599	0.024179
590	600	0.640243
590	601	0.035891
590	602	0.741521
590	603	1.152658
590	604	1.072886
590	605	2.022195
590	606	0.199735
590	607	0.0
590	608	4.012445
590	609	0.0
590	610	1.042619
590	611	0.354341
590	612	0.292607
590	613	0.186204
590	614	4.221511
590	615	0.888761
590	616	0.673467
590	617	0.815137
590	618	3.803427
590	619	0.200547
590	620	0.163469
590	621	1.011219
590	622	3.678529
590	623	0.09776
590	624	0.708891
590	625	0.746842
590	626	1.689866
590	627	1.566056
590	628	0.576383
590	629	0.413033
590	630	0.11599
590	631	0.438356
590	632	0.12825
590	633	1.429689
590	634	0.225838
590	635	0.434157
590	636	0.207182
590	637	0.222931
590	638	1.134219
590	639	0.687901
590	640	0.285223
590	641	0.217771
590	642	0.464058
590	643	0.451498
590	644	0.391812
590	645	0.037304
590	646	0.196279
590	647	0.672195
590	648	2.544457
590	649	0.548368
590	650	0.277289
590	651	0.61524
590	652	0.675576
590	653	0.572976
590	654	2.622045
591	1	7.043838
591	2	8.792054
591	3	13.323363
591	572	0.067858
591	573	0.05092
591	574	0.101715
591	575	0.128326
591	576	0.062205
591	577	0.063332
591	578	0.0626
591	579	0.065515
591	580	0.075874
591	581	0.165004
591	582	0.717272
591	583	0.676399
591	584	0.412479
591	585	0.219289
591	586	0.465342
591	587	0.486352
591	588	0.162677
591	590	0.451051
591	591	1.780872
591	592	5.982301
591	593	0.683532
591	595	1.412539
591	596	0.0
591	597	0.205746
591	598	0.458082
591	599	0.023261
591	600	0.770793
591	601	0.040674
591	602	0.89597
591	603	0.91402
591	604	0.963587
591	605	1.574888
591	606	0.300996
591	607	0.0
591	608	6.011136
591	609	0.0
591	610	1.195073
591	611	0.455396
591	612	0.373446
591	613	0.293254
591	614	6.722625
591	615	1.439983
591	616	0.606544
591	617	1.185954
591	618	4.883086
591	619	0.141417
591	620	0.13984
591	621	0.738322
591	622	3.643116
591	623	0.107069
591	624	0.723579
591	625	0.711526
591	626	1.644516
591	627	1.998969
591	628	0.726707
591	629	0.524303
591	630	0.146337
591	631	0.556223
591	632	0.163102
591	633	1.808676
591	634	0.2852
591	635	0.547302
591	636	0.242881
591	637	0.275538
591	638	1.428017
591	639	0.853546
591	640	0.354625
591	641	0.270346
591	642	0.57445
591	643	0.55639
591	644	0.485736
591	645	0.046041
591	646	0.24416
591	647	0.788268
591	648	3.193751
591	649	0.684828
591	650	0.348431
591	651	0.768883
591	652	0.84855
591	653	0.723439
591	654	3.52919
592	1	126.925461
592	2	212.34137
592	3	324.882874
592	572	1.824478
592	573	1.389697
592	574	2.753696
592	575	3.637776
592	576	1.719836
592	577	1.75695
592	578	1.768484
592	579	1.81561
592	580	2.084981
592	581	4.425379
592	582	13.964512
592	583	8.673441
592	584	11.764984
592	585	6.21439
592	586	13.998296
592	587	14.06802
592	588	4.882288
592	590	4.935998
592	591	5.982301
592	592	558.333313
592	593	8.099236
592	595	51.511841
592	596	0.0
592	597	5.952134
592	598	14.448901
592	599	0.669406
592	600	24.329006
592	601	1.128259
592	602	30.7726
592	603	18.295509
592	604	31.215849
592	605	35.750084
592	606	2.944976
592	607	0.0
592	608	81.072174
592	609	0.0
592	610	12.136638
592	611	4.608428
592	612	3.867631
592	613	4.623736
592	614	60.03051
592	615	12.49127
592	616	5.267105
592	617	10.041681
592	618	47.73547
592	619	1.742388
592	620	1.433346
592	621	7.40658
592	622	38.550255
592	623	1.141512
592	624	7.349135
592	625	7.206602
592	626	17.763969
592	627	20.749022
592	628	7.853605
592	629	5.534711
592	630	1.576237
592	631	5.860525
592	632	1.706905
592	633	19.239998
592	634	3.053521
592	635	5.891676
592	636	2.589751
592	637	2.98255
592	638	15.45492
592	639	9.382811
592	640	3.947935
592	641	3.011132
592	642	6.462214
592	643	6.510177
592	644	5.565498
592	645	0.535834
592	646	2.74778
592	647	8.946136
592	648	34.95116
592	649	7.645939
592	650	3.805919
592	651	8.558286
592	652	9.246539
592	653	7.789831
592	654	36.672688
593	1	8.072146
593	2	10.933724
593	3	16.67523
593	572	0.086704
593	573	0.065272
593	574	0.130136
593	575	0.16479
593	576	0.079912
593	577	0.081402
593	578	0.080796
593	579	0.083851
593	580	0.097188
593	581	0.211155
593	582	0.863518
593	583	0.664726
593	584	0.533501
593	585	0.283448
593	586	0.609711
593	587	0.63203
593	588	0.21306
593	590	0.550243
593	591	0.683532
593	592	8.099236
593	593	2.36898
593	595	1.887255
593	596	0.0
593	597	0.265772
593	598	0.604004
593	599	0.030145
593	600	1.016809
593	601	0.052038
593	602	1.201545
593	603	1.117269
593	604	1.280678
593	605	1.899391
593	606	0.293904
593	607	0.0
593	608	5.925912
593	609	0.0
593	610	1.182746
593	611	0.448701
593	612	0.370734
593	613	0.281533
593	614	6.376585
593	615	1.357368
593	616	0.539145
593	617	1.040661
593	618	4.764587
593	619	0.134563
593	620	0.133867
593	621	0.693338
593	622	3.658186
593	623	0.107728
593	624	0.717339
593	625	0.698499
593	626	1.648099
593	627	1.99124
593	628	0.733516
593	629	0.524426
593	630	0.147323
593	631	0.553974
593	632	0.162121
593	633	1.804857
593	634	0.285642
593	635	0.548584
593	636	0.243644
593	637	0.277991
593	638	1.434191
593	639	0.865195
593	640	0.361201
593	641	0.274932
593	642	0.585508
593	643	0.575048
593	644	0.498812
593	645	0.047512
593	646	0.249179
593	647	0.8054
593	648	3.223414
593	649	0.69741
593	650	0.352903
593	651	0.782744
593	652	0.853172
593	653	0.729285
593	654	3.520629
595	1	39.4818
595	2	72.530037
595	3	111.093391
595	572	0.653503
595	573	0.501531
595	574	0.989832
595	575	1.343721
595	576	0.624988
595	577	0.639663
595	578	0.650311
595	579	0.662221
595	580	0.756043
595	581	1.583386
595	582	3.979867
595	583	2.49753
595	584	4.137405
595	585	2.179135
595	586	5.026065
595	587	4.971109
595	588	1.751301
595	590	1.171635
595	591	1.412539
595	592	51.511841
595	593	1.887255
595	595	49.712578
595	596	0.0
595	597	2.220238
595	598	5.65128
595	599	0.236238
595	600	9.517186
595	601	0.41194
595	602	10.671408
595	603	4.648532
595	604	8.830029
595	605	10.141635
595	606	0.728952
595	607	0.0
595	608	20.807329
595	609	0.0
595	610	3.03032
595	611	1.152041
595	612	0.972675
595	613	1.147771
595	614	14.516558
595	615	3.004454
595	616	1.291679
595	617	2.451001
595	618	11.81567
595	619	0.503152
595	620	0.389926
595	621	2.134746
595	622	9.722961
595	623	0.288546
595	624	1.833207
595	625	1.802561
595	626	4.521649
595	627	5.211793
595	628	1.994648
595	629	1.397854
595	630	0.400331
595	631	1.482905
595	632	0.430983
595	633	4.883768
595	634	0.775872
595	635	1.500043
595	636	0.655884
595	637	0.758069
595	638	3.938902
595	639	2.395092
595	640	1.011106
595	641	0.77186
595	642	1.662062
595	643	1.691804
595	644	1.437417
595	645	0.139018
595	646	0.706311
595	647	2.307213
595	648	8.928775
595	649	1.960626
595	650	0.969689
595	651	2.192602
595	652	2.362875
595	653	1.975874
595	654	9.208313
596	1	0.0
596	2	0.0
596	3	0.0
596	572	0.0
596	573	0.0
596	574	0.0
596	575	0.0
596	576	0.0
596	577	0.0
596	578	0.0
596	579	0.0
596	580	0.0
596	581	0.0
596	582	0.0
596	583	0.0
596	584	0.0
596	585	0.0
596	586	0.0
596	587	0.0
596	588	0.0
596	590	0.0
596	591	0.0
596	592	0.0
596	593	0.0
596	595	0.0
596	596	0.0
596	597	0.0
596	598	0.0
596	599	0.0
596	600	0.0
596	601	0.0
596	602	0.0
596	603	0.0
596	604	0.0
596	605	0.0
596	606	0.0
596	607	0.0
596	608	0.0
596	609	0.0
596	610	0.0
596	611	0.0
596	612	0.0
596	613	0.0
596	614	0.0
596	615	0.0
596	616	0.0
596	617	0.0
596	618	0.0
596	619	0.0
596	620	0.0
596	621	0.0
596	622	0.0
596	623	0.0
596	624	0.0
596	625	0.0
596	626	0.0
596	627	0.0
596	628	0.0
596	629	0.0
596	630	0.0
596	631	0.0
596	632	0.0
596	633	0.0
596	634	0.0
596	635	0.0
596	636	0.0
596	637	0.0
596	638	0.0
596	639	0.0
596	640	0.0
596	641	0.0
596	642	0.0
596	643	0.0
596	644	0.0
596	645	0.0
596	646	0.0
596	647	0.0
596	648	0.0
596	649	0.0
596	650	0.0
596	651	0.0
596	652	0.0
596	653	0.0
596	654	0.0
597	1	13.364174
597	2	30.954262
597	3	39.231594
597	572	0.336954
597	573	0.267835
597	574	0.518577
597	575	0.86408
597	576	0.344668
597	577	0.356321
597	578	0.410591
597	579	0.388536
597	580	0.388601
597	581	0.609721
597	582	0.712158
597	583	0.444743
597	584	2.507775
597	585	1.257852
597	586	1.125669
597	587	1.889564
597	588	0.50031
597	590	0.173557
597	591	0.205746
597	592	5.952134
597	593	0.265772
597	595	2.220238
597	596	0.0
597	597	3.801766
597	598	1.211084
597	599	0.122906
597	600	1.952263
597	601	0.248958
597	602	1.408144
597	603	0.589141
597	604	1.466569
597	605	1.485284
597	606	0.11719
597	607	0.0
597	608	2.420615
597	609	0.0
597	610	0.50058
597	611	0.189019
597	612	0.16211
597	613	0.112299
597	614	2.218547
597	615	0.452541
597	616	0.225007
597	617	0.383304
597	618	1.897975
597	619	0.093502
597	620	0.073431
597	621	0.387559
597	622	1.661215
597	623	0.04939
597	624	0.303285
597	625	0.310309
597	626	0.811883
597	627	0.873523
597	628	0.343293
597	629	0.236868
597	630	0.068666
597	631	0.249746
597	632	0.072254
597	633	0.827578
597	634	0.132217
597	635	0.256491
597	636	0.111935
597	637	0.13094
597	638	0.676335
597	639	0.418578
597	640	0.177905
597	641	0.136172
597	642	0.295273
597	643	0.309676
597	644	0.259624
597	645	0.025439
597	646	0.125664
597	647	0.412666
597	648	1.547162
597	649	0.346824
597	650	0.16821
597	651	0.38564
597	652	0.407526
597	653	0.340223
597	654	1.54611
598	1	17.381151
598	2	35.186329
598	3	54.064388
598	572	0.337585
598	573	0.26177
598	574	0.51376
598	575	0.721889
598	576	0.329256
598	577	0.337825
598	578	0.348216
598	579	0.349703
598	580	0.396775
598	581	0.816616
598	582	1.53855
598	583	0.891118
598	584	2.133429
598	585	1.09655
598	586	2.59887
598	587	2.519289
598	588	0.906881
598	590	0.382338
598	591	0.458082
598	592	14.448901
598	593	0.604004
598	595	5.65128
598	596	0.0
598	597	1.211084
598	598	8.3855
598	599	0.119431
598	600	5.106587
598	601	0.217708
598	602	3.631965
598	603	1.415591
598	604	3.339159
598	605	3.272443
598	606	0.246529
598	607	0.0
598	608	5.03928
598	609	0.0
598	610	1.035777
598	611	0.392972
598	612	0.333854
598	613	0.243737
598	614	4.806105
598	615	0.989136
598	616	0.453886
598	617	0.818667
598	618	3.995348
598	619	0.182415
598	620	0.142046
598	621	0.767588
598	622	3.361897
598	623	0.100004
598	624	0.626683
598	625	0.617873
598	626	1.577812
598	627	1.792055
598	628	0.692607
598	629	0.482813
598	630	0.138886
598	631	0.51133
598	632	0.148362
598	633	1.688704
598	634	0.268702
598	635	0.52033
598	636	0.227214
598	637	0.263781
598	638	1.368754
598	639	0.837299
598	640	0.354162
598	641	0.270883
598	642	0.584978
598	643	0.601867
598	644	0.508924
598	645	0.049465
598	646	0.248668
598	647	0.814191
598	648	3.112155
598	649	0.688654
598	650	0.337658
598	651	0.767899
598	652	0.822628
598	653	0.686583
598	654	3.167485
599	1	1.462844
599	2	3.291207
599	3	4.710193
599	572	0.033553
599	573	0.026406
599	574	0.051463
599	575	0.081468
599	576	0.033485
599	577	0.034413
599	578	0.038662
599	579	0.037254
599	580	0.040233
599	581	0.073749
599	582	0.105853
599	583	0.06328
599	584	0.349517
599	585	0.128238
599	586	0.174973
599	587	0.302329
599	588	0.07994
599	590	0.024179
599	591	0.023261
599	592	0.669406
599	593	0.030145
599	595	0.236238
599	596	0.0
599	597	0.122906
599	598	0.119431
599	599	0.051577
599	600	0.314402
599	601	0.023914
599	602	0.1891
599	603	0.087107
599	604	0.222936
599	605	0.221466
599	606	0.013358
599	607	0.0
599	608	0.274074
599	609	0.0
599	610	0.062784
599	611	0.02188
599	612	0.018764
599	613	0.012698
599	614	0.252026
599	615	0.051476
599	616	0.031967
599	617	0.044117
599	618	0.22179
599	619	0.013081
599	620	0.010217
599	621	0.05461
599	622	0.230671
599	623	0.006375
599	624	0.041227
599	625	0.043313
599	626	0.11221
599	627	0.100853
599	628	0.039664
599	629	0.027375
599	630	0.007941
599	631	0.028956
599	632	0.008375
599	633	0.096017
599	634	0.015327
599	635	0.02975
599	636	0.013737
599	637	0.01536
599	638	0.078418
599	639	0.048777
599	640	0.020651
599	641	0.015821
599	642	0.034324
599	643	0.035912
599	644	0.029984
599	645	0.002938
599	646	0.01454
599	647	0.050097
599	648	0.179245
599	649	0.04006
599	650	0.019437
599	651	0.044582
599	652	0.047283
599	653	0.039261
599	654	0.175429
600	1	29.449366
