$OR;D2
* From-Time To-Time
0.00  8.00
* Factor
1
*To From Factor
1	1	0.0
1	2	0.0
1	3	0.0
1	572	14.589667000000002
1	573	17.453703
1	574	34.173504
1	575	35.797653000000004
1	576	11.666042
1	577	15.293436999999999
1	578	9.018435
1	579	19.986507
1	580	31.667153999999996
1	581	74.669273
1	582	51.171421
1	583	53.54978199999999
1	584	28.757254
1	585	34.470024
1	586	33.426758
1	587	72.589386
1	588	20.600294
1	590	16.69935
1	591	9.764396000000001
1	592	110.957237
1	593	21.708911999999998
1	595	44.548716999999996
1	596	0.0
1	597	24.875944
1	598	21.343436999999998
1	599	5.181697
1	600	33.796997
1	601	11.410785
1	602	37.012341
1	603	35.980564
1	604	34.925938
1	605	43.933815
1	606	30.186783000000002
1	607	0.0
1	608	207.815186
1	609	0.0
1	610	236.74173
1	611	40.558659000000006
1	612	42.120865
1	613	15.243834
1	614	289.82122799999996
1	615	30.122996999999998
1	616	17.82242
1	617	64.547379
1	618	234.37623599999998
1	619	18.319567000000003
1	620	15.857269
1	621	50.129333
1	622	261.667175
1	623	13.219985999999999
1	624	62.624123
1	625	51.728958
1	626	136.58766200000002
1	627	489.24115
1	628	86.80912
1	629	58.346878000000004
1	630	28.821724
1	631	46.195637
1	632	27.090746000000003
1	633	171.27203400000002
1	634	49.301918
1	635	71.16954799999999
1	636	38.94202
1	637	42.091183
1	638	154.841965
1	639	157.04568500000002
1	640	81.864655
1	641	38.17778
1	642	64.197182
1	643	72.553009
1	644	82.778748
1	645	10.628057
1	646	50.481316
1	647	91.850975
1	648	565.5305179999999
1	649	112.97448700000001
1	650	62.27839300000001
1	651	88.514145
1	652	135.061722
1	653	98.310905
1	654	323.252991
2	1	0.0
2	2	0.0
2	3	0.0
2	572	46.970856
2	573	51.307682
2	574	100.16323100000001
2	575	107.884323
2	576	37.03968
2	577	47.77639
2	578	27.895563
2	579	65.853348
2	580	102.40316800000001
2	581	188.627182
2	582	99.866974
2	583	73.347672
2	584	98.498566
2	585	105.02750400000001
2	586	85.37509200000001
2	587	252.749573
2	588	53.890953
2	590	26.047056
2	591	16.461168
2	592	293.205475
2	593	36.872215000000004
2	595	126.471001
2	596	0.0
2	597	76.056763
2	598	59.6045
2	599	14.32937
2	600	103.978195
2	601	35.719944
2	602	92.7164
2	603	75.00500500000001
2	604	90.310715
2	605	102.42358399999999
2	606	25.091047
2	607	0.0
2	608	248.54774500000002
2	609	0.0
2	610	194.751022
2	611	31.376837
2	612	28.234254999999997
2	613	21.432875
2	614	411.98974599999997
2	615	42.456444
2	616	23.862743
2	617	81.829247
2	618	237.13948100000002
2	619	18.710075
2	620	13.289318
2	621	55.059574
2	622	203.700851
2	623	9.176933
2	624	55.207603000000006
2	625	47.379940000000005
2	626	107.482224
2	627	337.559784
2	628	45.717075
2	629	35.005581
2	630	14.241926000000001
2	631	29.773747999999998
2	632	15.943463000000001
2	633	104.08052099999999
2	634	27.523871999999997
2	635	38.227661
2	636	23.308554
2	637	24.833635
2	638	86.630516
2	639	91.96055600000001
2	640	43.954521
2	641	20.172615
2	642	35.500263000000004
2	643	38.887131
2	644	41.905598
2	645	5.239522
2	646	25.667576
2	647	51.073826000000004
2	648	304.836517
2	649	59.265953
2	650	30.258710999999998
2	651	45.784084
2	652	69.090714
2	653	53.193062
2	654	223.82678199999998
3	1	0.0
3	2	0.0
3	3	0.0
3	572	86.24363699999999
3	573	73.99740600000001
3	574	154.92576599999998
3	575	116.586731
3	576	55.357197
3	577	70.533676
3	578	42.076054
3	579	81.349014
3	580	152.20326200000002
3	581	369.85546899999997
3	582	147.752869
3	583	107.56993899999999
3	584	159.15995800000002
3	585	160.06951899999999
3	586	130.46489
3	587	424.059692
3	588	79.117661
3	590	40.668746999999996
3	591	28.10955
3	592	532.935242
3	593	59.084114
3	595	225.16668700000002
3	596	0.0
3	597	99.932739
3	598	99.055672
3	599	20.65279
3	600	171.572205
3	601	38.791142
3	602	152.722473
3	603	119.934692
3	604	144.034378
3	605	166.010529
3	606	40.576927000000005
3	607	0.0
3	608	438.15094000000005
3	609	0.0
3	610	344.810516
3	611	53.128075
3	612	46.5653
3	613	33.311138
3	614	730.018066
3	615	72.082092
3	616	37.305954
3	617	144.532349
3	618	419.75735499999996
3	619	27.639511
3	620	20.065893
3	621	86.800453
3	622	339.30911299999997
3	623	15.759554000000001
3	624	93.471687
3	625	77.59605400000001
3	626	171.153214
3	627	594.682861
3	628	78.85466
3	629	59.523575
3	630	23.229492
3	631	51.809292
3	632	25.96521
3	633	183.864273
3	634	45.568657
3	635	65.45082099999999
3	636	37.812759
3	637	41.194687
3	638	151.618652
3	639	159.283691
3	640	75.537033
3	641	33.652962
3	642	61.787903
3	643	66.016121
3	644	68.030991
3	645	8.174809
3	646	42.044834
3	647	89.235062
3	648	537.354065
3	649	100.755219
3	650	51.274612
3	651	80.046356
3	652	120.87828799999998
3	653	91.946053
3	654	395.645203
572	1	14.589667000000002
572	2	46.970856
572	3	86.24363699999999
572	572	4.627839
572	573	1.626239
572	574	3.816854
572	575	1.415748
572	576	0.8833700000000001
572	577	1.030278
572	578	0.63081
572	579	1.005981
572	580	1.694163
572	581	4.0891150000000005
572	582	1.368855
572	583	0.829901
572	584	1.828523
572	585	2.2103479999999998
572	586	1.249825
572	587	3.992167
572	588	0.8894290000000001
572	590	0.312671
572	591	0.154554
572	592	2.744226
572	593	0.40326799999999996
572	595	1.309876
572	596	0.0
572	597	1.1705290000000002
572	598	0.763839
572	599	0.220873
572	600	1.466923
572	601	0.45738
572	602	1.240861
572	603	1.001615
572	604	1.172535
572	605	1.214623
572	606	0.23137199999999997
572	607	0.0
572	608	1.8326490000000002
572	609	0.0
572	610	1.567602
572	611	0.258046
572	612	0.237919
572	613	0.225131
572	614	3.4074949999999995
572	615	0.391072
572	616	0.25175
572	617	0.657836
572	618	1.850398
572	619	0.192414
572	620	0.12748800000000002
572	621	0.538195
572	622	1.6837099999999998
572	623	0.07406599999999999
572	624	0.493432
572	625	0.42175100000000004
572	626	0.9074620000000001
572	627	2.48116
572	628	0.33571599999999996
572	629	0.273434
572	630	0.117434
572	631	0.22530300000000003
572	632	0.13734100000000002
572	633	0.753867
572	634	0.22455999999999998
572	635	0.29096500000000003
572	636	0.203226
572	637	0.198534
572	638	0.624204
572	639	0.6570189999999999
572	640	0.31272
572	641	0.15232
572	642	0.243583
572	643	0.250934
572	644	0.31311700000000003
572	645	0.040069
572	646	0.195773
572	647	0.342947
572	648	2.117536
572	649	0.42573199999999994
572	650	0.227913
572	651	0.31349
572	652	0.493199
572	653	0.38666799999999996
572	654	1.610463
573	1	17.453703
573	2	51.307682
573	3	73.99740600000001
573	572	1.626239
573	573	4.158597
573	574	2.75251
573	575	1.242434
573	576	0.924056
573	577	0.9865450000000001
573	578	0.689479
573	579	0.995906
573	580	1.275398
573	581	2.1331849999999997
573	582	1.470278
573	583	0.9464469999999999
573	584	2.927241
573	585	2.541455
573	586	1.573917
573	587	7.6196660000000005
573	588	0.9418110000000001
573	590	0.364956
573	591	0.24660100000000001
573	592	5.5709089999999994
573	593	0.46877399999999997
573	595	2.390384
573	596	0.0
573	597	1.381858
573	598	0.995909
573	599	0.202716
573	600	2.504978
573	601	0.416788
573	602	1.63614
573	603	1.301139
573	604	1.846868
573	605	2.097357
573	606	0.301105
573	607	0.0
573	608	3.7797169999999998
573	609	0.0
573	610	3.193985
573	611	0.42098599999999997
573	612	0.34962
573	613	0.24060900000000002
573	614	6.518503
573	615	0.607591
573	616	0.380804
573	617	1.275923
573	618	3.6513
573	619	0.23585599999999998
573	620	0.178299
573	621	0.8800100000000001
573	622	3.3706419999999997
573	623	0.141878
573	624	0.908659
573	625	0.802211
573	626	1.623955
573	627	4.951962
573	628	0.62164
573	629	0.464344
573	630	0.167249
573	631	0.415275
573	632	0.18816300000000002
573	633	1.497119
573	634	0.335039
573	635	0.505447
573	636	0.28566199999999997
573	637	0.309632
573	638	1.207751
573	639	1.262492
573	640	0.585666
573	641	0.24956199999999998
573	642	0.484079
573	643	0.48913599999999996
573	644	0.47274799999999995
573	645	0.053037
573	646	0.298941
573	647	0.6981310000000001
573	648	4.294299
573	649	0.7608600000000001
573	650	0.390613
573	651	0.630886
573	652	0.958003
573	653	0.733935
573	654	3.308471
574	1	34.173504
574	2	100.16323100000001
574	3	154.92576599999998
574	572	3.816854
574	573	2.75251
574	574	17.720615
574	575	2.309864
574	576	1.6958630000000001
574	577	1.8173400000000002
574	578	1.2737459999999998
574	579	1.851543
574	580	2.3651880000000003
574	581	4.688118
574	582	2.792801
574	583	1.8398889999999999
574	584	5.470145
574	585	4.727464
574	586	2.963188
574	587	14.222042000000002
574	588	1.759755
574	590	0.6994520000000001
574	591	0.47654799999999997
574	592	10.687503999999999
574	593	0.8994559999999999
574	595	4.568237
574	596	0.0
574	597	2.577003
574	598	1.885923
574	599	0.377352
574	600	4.7004470000000005
574	601	0.776571
574	602	3.1015599999999997
574	603	2.4776740000000004
574	604	3.4997089999999997
574	605	3.9931690000000004
574	606	0.579992
574	607	0.0
574	608	7.419384
574	609	0.0
574	610	6.172414
574	611	0.8098270000000001
574	612	0.673128
574	613	0.46469499999999997
574	614	12.634095
574	615	1.1738620000000002
574	616	0.732538
574	617	2.466423
574	618	7.039938
574	619	0.46088
574	620	0.34935700000000003
574	621	1.699214
574	622	6.622959
574	623	0.279016
574	624	1.752648
574	625	1.548932
574	626	3.19397
574	627	9.56039
574	628	1.199983
574	629	0.892763
574	630	0.321389
574	631	0.7935479999999999
574	632	0.359346
574	633	2.861644
574	634	0.640401
574	635	0.9662719999999999
574	636	0.549233
574	637	0.597931
574	638	2.315042
574	639	2.4468959999999997
574	640	1.135023
574	641	0.483284
574	642	0.9373030000000001
574	643	0.968407
574	644	0.922775
574	645	0.104646
574	646	0.579821
574	647	1.35222
574	648	8.249502
574	649	1.475222
574	650	0.752786
574	651	1.219724
574	652	1.833863
574	653	1.425187
574	654	6.41854
575	1	35.797653000000004
575	2	107.884323
575	3	116.586731
575	572	1.415748
575	573	1.242434
575	574	2.309864
575	575	14.338226
575	576	1.048805
575	577	1.297933
575	578	1.24359
575	579	2.6185509999999996
575	580	2.651573
575	581	3.5491410000000005
575	582	3.262981
575	583	2.056517
575	584	6.22352
575	585	4.737461
575	586	3.5796870000000003
575	587	14.122578
575	588	2.179967
575	590	0.794535
575	591	0.616626
575	592	14.707242
575	593	1.159794
575	595	6.446992
575	596	0.0
575	597	4.319056
575	598	2.718064
575	599	0.605525
575	600	5.764799
575	601	1.499889
575	602	3.852307
575	603	2.879697
575	604	4.1456800000000005
575	605	4.665882
575	606	0.7153689999999999
575	607	0.0
575	608	9.364343
575	609	0.0
575	610	7.029356
575	611	0.9941
575	612	0.8186939999999999
575	613	0.584227
575	614	16.056463
575	615	1.488337
575	616	0.819024
575	617	3.127118
575	618	8.698524
575	619	0.506315
575	620	0.381324
575	621	1.882991
575	622	7.2105820000000005
575	623	0.306221
575	624	1.9263419999999998
575	625	1.703128
575	626	3.4570980000000002
575	627	11.716932
575	628	1.4477149999999999
575	629	1.081621
575	630	0.385023
575	631	0.9593360000000001
575	632	0.43257799999999996
575	633	3.4520470000000003
575	634	0.766695
575	635	1.158018
575	636	0.627279
575	637	0.708559
575	638	2.77897
575	639	2.915148
575	640	1.343917
575	641	0.571088
575	642	1.1057860000000002
575	643	1.148484
575	644	1.090676
575	645	0.123323
575	646	0.687329
575	647	1.59022
575	648	9.873705000000001
575	649	1.7591990000000002
575	650	0.902645
575	651	1.457829
575	652	2.193425
575	653	1.729538
575	654	7.926906
576	1	11.666042
576	2	37.03968
576	3	55.357197
576	572	0.8833700000000001
576	573	0.924056
576	574	1.6958630000000001
576	575	1.048805
576	576	2.22497
576	577	0.857275
576	578	0.5733699999999999
576	579	0.8302799999999999
576	580	1.1338540000000001
576	581	1.819394
576	582	1.1061239999999999
576	583	0.695852
576	584	2.16782
576	585	2.052913
576	586	1.152104
576	587	5.240189
576	588	0.733136
576	590	0.264573
576	591	0.16630999999999999
576	592	3.638503
576	593	0.341048
576	595	1.606973
576	596	0.0
576	597	1.0676370000000002
576	598	0.729329
576	599	0.16527999999999998
576	600	1.732648
576	601	0.34575300000000003
576	602	1.19005
576	603	0.941617
576	604	1.274225
576	605	1.4064299999999998
576	606	0.207463
576	607	0.0
576	608	2.4184930000000002
576	609	0.0
576	610	2.000604
576	611	0.272896
576	612	0.23142
576	613	0.178335
576	614	4.208057
576	615	0.408835
576	616	0.256371
576	617	0.814658
576	618	2.299369
576	619	0.168575
576	620	0.12303499999999999
576	621	0.5809310000000001
576	622	2.1629259999999997
576	623	0.091554
576	624	0.580339
576	625	0.5100640000000001
576	626	1.060085
576	627	3.088968
576	628	0.390436
576	629	0.296293
576	630	0.110516
576	631	0.258252
576	632	0.125003
576	633	0.9166059999999999
576	634	0.217479
576	635	0.317052
576	636	0.190139
576	637	0.20169700000000002
576	638	0.743847
576	639	0.7895840000000001
576	640	0.366944
576	641	0.16050699999999998
576	642	0.298951
576	643	0.310668
576	644	0.311313
576	645	0.036482
576	646	0.195287
576	647	0.42868199999999995
576	648	2.624053
576	649	0.48110299999999995
576	650	0.248152
576	651	0.388727
576	652	0.587599
576	653	0.463228
576	654	2.067307
577	1	15.293436999999999
577	2	47.77639
577	3	70.533676
577	572	1.030278
577	573	0.9865450000000001
577	574	1.8173400000000002
577	575	1.297933
577	576	0.857275
577	577	3.252243
577	578	0.742883
577	579	1.049864
577	580	1.379504
577	581	2.201514
577	582	1.417985
577	583	0.9012290000000001
577	584	2.9814
577	585	2.680751
577	586	1.518433
577	587	7.339408000000001
577	588	0.9391809999999999
577	590	0.343762
577	591	0.22638200000000003
577	592	5.1109860000000005
577	593	0.442563
577	595	2.23106
577	596	0.0
577	597	1.3961139999999999
577	598	0.966398
577	599	0.205936
577	600	2.38958
577	601	0.434676
577	602	1.5796139999999999
577	603	1.246743
577	604	1.7350830000000002
577	605	1.9362970000000002
577	606	0.273593
577	607	0.0
577	608	3.3951010000000004
577	609	0.0
577	610	2.79834
577	611	0.371363
577	612	0.310473
577	613	0.228089
577	614	5.855656
577	615	0.554094
577	616	0.346016
577	617	1.134411
577	618	3.2047060000000003
577	619	0.22078699999999998
577	620	0.16437100000000002
577	621	0.792258
577	622	3.025544
577	623	0.127395
577	624	0.80252
577	625	0.708134
577	626	1.463066
577	627	4.307176
577	628	0.539325
577	629	0.40487399999999996
577	630	0.14743499999999998
577	631	0.356164
577	632	0.16575399999999998
577	633	1.274933
577	634	0.291799
577	635	0.433965
577	636	0.25338499999999997
577	637	0.27265700000000004
577	638	1.031673
577	639	1.095695
577	640	0.507537
577	641	0.21836799999999998
577	642	0.41617
577	643	0.432558
577	644	0.419238
577	645	0.048281
577	646	0.263228
577	647	0.59827
577	648	3.6588870000000004
577	649	0.661687
577	650	0.339385
577	651	0.541913
577	652	0.815051
577	653	0.642361
577	654	2.893764
578	1	9.018435
578	2	27.895563
578	3	42.076054
578	572	0.63081
578	573	0.689479
578	574	1.2737459999999998
578	575	1.24359
578	576	0.5733699999999999
578	577	0.742883
578	578	1.584647
578	579	0.605086
578	580	0.847468
578	581	1.388983
578	582	1.013517
578	583	0.621495
578	584	2.01459
578	585	1.9859360000000001
578	586	1.0523719999999999
578	587	4.697842
578	588	0.691
578	590	0.237105
578	591	0.15857100000000002
578	592	3.54032
578	593	0.331732
578	595	1.5906209999999998
578	596	0.0
578	597	1.230338
578	598	0.7420800000000001
578	599	0.1879
578	600	1.5495459999999999
578	601	0.308922
578	602	1.077109
578	603	0.847046
578	604	1.128698
578	605	1.224931
578	606	0.19539
578	607	0.0
578	608	2.227793
578	609	0.0
578	610	1.6750369999999999
578	611	0.251972
578	612	0.21417600000000003
578	613	0.171761
578	614	3.9442239999999997
578	615	0.387288
578	616	0.221886
578	617	0.756628
578	618	2.0973439999999997
578	619	0.14820899999999998
578	620	0.106334
578	621	0.49661099999999997
578	622	1.8031259999999998
578	623	0.07649299999999999
578	624	0.488597
578	625	0.428204
578	626	0.8906379999999999
578	627	2.813576
578	628	0.354512
578	629	0.27127399999999996
578	630	0.10185599999999999
578	631	0.235327
578	632	0.115934
578	633	0.8306399999999999
578	634	0.199974
578	635	0.28874299999999997
578	636	0.167561
578	637	0.182343
578	638	0.673078
578	639	0.707045
578	640	0.328187
578	641	0.144742
578	642	0.265967
578	643	0.277296
578	644	0.282991
578	645	0.033354
578	646	0.177811
578	647	0.380217
578	648	2.3633580000000003
578	649	0.43495500000000004
578	650	0.225846
578	651	0.349517
578	652	0.5308109999999999
578	653	0.42058500000000004
578	654	1.889837
579	1	19.986507
579	2	65.853348
579	3	81.349014
579	572	1.005981
579	573	0.995906
579	574	1.851543
579	575	2.6185509999999996
579	576	0.8302799999999999
579	577	1.049864
579	578	0.605086
579	579	5.290883
579	580	2.340513
579	581	2.919524
579	582	1.488787
579	583	0.958593
579	584	2.416002
579	585	2.161282
579	586	1.543669
579	587	6.021043
579	588	0.9612799999999999
579	590	0.362317
579	591	0.26755
579	592	6.012665
579	593	0.5325
579	595	2.6434
579	596	0.0
579	597	1.790986
579	598	1.164139
579	599	0.265994
579	600	2.3376810000000003
579	601	0.9183540000000001
579	602	1.679843
579	603	1.264807
579	604	1.7405389999999998
579	605	1.9447150000000002
579	606	0.327944
579	607	0.0
579	608	3.988039
579	609	0.0
579	610	3.006392
579	611	0.439646
579	612	0.369544
579	613	0.276499
579	614	6.836572
579	615	0.65298
579	616	0.358757
579	617	1.333739
579	618	3.7240699999999998
579	619	0.23498200000000002
579	620	0.173277
579	621	0.820163
579	622	3.103891
579	623	0.13303099999999998
579	624	0.8270860000000001
579	625	0.727984
579	626	1.517285
579	627	5.045287999999999
579	628	0.633509
579	629	0.47806499999999996
579	630	0.175773
579	631	0.419029
579	632	0.198271
579	633	1.494281
579	634	0.34713299999999997
579	635	0.5118729999999999
579	636	0.287526
579	637	0.318676
579	638	1.209929
579	639	1.272149
579	640	0.589969
579	641	0.255784
579	642	0.48224399999999995
579	643	0.504713
579	644	0.49681099999999995
579	645	0.057606
579	646	0.311787
579	647	0.692304
579	648	4.279595
579	649	0.7777609999999999
579	650	0.40023000000000003
579	651	0.633522
579	652	0.955667
579	653	0.753293
579	654	3.3995620000000004
580	1	31.667153999999996
580	2	102.40316800000001
580	3	152.20326200000002
580	572	1.694163
580	573	1.275398
580	574	2.3651880000000003
580	575	2.651573
580	576	1.1338540000000001
580	577	1.379504
580	578	0.847468
580	579	2.340513
580	580	7.968371
580	581	6.103782
580	582	1.940922
580	583	1.303252
580	584	3.81065
580	585	3.1248709999999997
580	586	2.091894
580	587	10.329583999999999
580	588	1.208906
580	590	0.49817
580	591	0.395401
580	592	9.109278
580	593	0.721196
580	595	3.8872980000000004
580	596	0.0
580	597	2.096176
580	598	1.567743
580	599	0.304352
580	600	3.411724
580	601	0.939372
580	602	2.276841
580	603	1.7599150000000001
580	604	2.538263
580	605	2.92863
580	606	0.468945
580	607	0.0
580	608	6.275241
580	609	0.0
580	610	4.749344000000001
580	611	0.6662779999999999
580	612	0.547778
580	613	0.367587
580	614	10.580055
580	615	0.962894
580	616	0.534688
580	617	2.073375
580	618	5.850315
580	619	0.330611
580	620	0.254878
580	621	1.253269
580	622	4.994811
580	623	0.210171
580	624	1.308208
580	625	1.158387
580	626	2.390086
580	627	7.984417
580	628	0.993984
580	629	0.734978
580	630	0.259899
580	631	0.656888
580	632	0.289625
580	633	2.380528
580	634	0.519891
580	635	0.79495
580	636	0.42106499999999997
580	637	0.48113199999999995
580	638	1.9209580000000002
580	639	2.013243
580	640	0.9312219999999999
580	641	0.392307
580	642	0.771628
580	643	0.8039109999999999
580	644	0.749206
580	645	0.083879
580	646	0.47100600000000004
580	647	1.1144180000000001
580	648	6.864657000000001
580	649	1.2164059999999999
580	650	0.619051
580	651	1.014612
580	652	1.5209409999999999
580	653	1.184433
580	654	5.407533
581	1	74.669273
581	2	188.627182
581	3	369.85546899999997
581	572	4.0891150000000005
581	573	2.1331849999999997
581	574	4.688118
581	575	3.5491410000000005
581	576	1.819394
581	577	2.201514
581	578	1.388983
581	579	2.919524
581	580	6.103782
581	581	40.941784000000006
581	582	3.8853980000000004
581	583	2.665628
581	584	6.491289
581	585	5.333455000000001
581	586	4.077309
581	587	17.99231
581	588	2.257678
581	590	1.089051
581	591	0.9241809999999999
581	592	21.317719
581	593	1.6635330000000002
581	595	8.984195
581	596	0.0
581	597	3.272968
581	598	3.511103
581	599	0.565585
581	600	6.787141
581	601	1.233242
581	602	5.1136989999999996
581	603	3.7456160000000005
581	604	5.023813
581	605	5.869653
581	606	1.10384
581	607	0.0
581	608	14.735755
581	609	0.0
581	610	11.37331
581	611	1.5924200000000002
581	612	1.3059450000000001
581	613	0.842875
581	614	25.095079000000002
581	615	2.275461
581	616	1.103502
581	617	4.9123980000000005
581	618	13.977391
581	619	0.685126
581	620	0.529532
581	621	2.6043990000000004
581	622	10.802425999999999
581	623	0.48964799999999997
581	624	2.946238
581	625	2.4626900000000003
581	626	5.047484
581	627	19.194674
581	628	2.396876
581	629	1.7700189999999998
581	630	0.62378
581	631	1.59805
581	632	0.696203
581	633	5.810373
581	634	1.257478
581	635	1.93494
581	636	1.006737
581	637	1.152808
581	638	4.679936
581	639	4.848673000000001
581	640	2.246085
581	641	0.942923
581	642	1.8690209999999998
581	643	1.9072509999999998
581	644	1.7870540000000001
581	645	0.19708299999999998
581	646	1.129051
581	647	2.703621
581	648	16.732946
581	649	2.929643
581	650	1.494108
581	651	2.458538
581	652	3.7156050000000005
581	653	2.8363419999999997
581	654	12.923012
582	1	51.171421
582	2	99.866974
582	3	147.752869
582	572	1.368855
582	573	1.470278
582	574	2.792801
582	575	3.262981
582	576	1.1061239999999999
582	577	1.417985
582	578	1.013517
582	579	1.488787
582	580	1.940922
582	581	3.8853980000000004
582	582	80.159973
582	583	15.552019
582	584	5.257909
582	585	4.943958
582	586	11.713616
582	587	17.989805
582	588	4.831003
582	590	6.862547999999999
582	591	2.7662619999999998
582	592	40.565094
582	593	5.587358999999999
582	595	14.109331
582	596	0.0
582	597	3.062319
582	598	4.871189
582	599	0.782708
582	600	9.646814
582	601	0.870809
582	602	11.709754
582	603	14.4696
582	604	18.189014
582	605	30.665922
582	606	3.23862
582	607	0.0
582	608	32.172802000000004
582	609	0.0
582	610	34.267723
582	611	4.739008
582	612	3.970817
582	613	2.5577330000000003
582	614	61.770767000000006
582	615	6.314356
582	616	5.541368
582	617	15.2469
582	618	40.563461
582	619	3.2479419999999997
582	620	2.2092080000000003
582	621	11.317255000000001
582	622	35.918594
582	623	1.486521
582	624	10.415163
582	625	9.114399
582	626	17.192364
582	627	50.387646000000004
582	628	6.101655
582	629	4.848246
582	630	1.813036
582	631	4.174099
582	632	2.144209
582	633	14.442981
582	634	3.5631180000000002
582	635	5.021396
582	636	3.266331
582	637	3.2537540000000003
582	638	11.49353
582	639	11.981647
582	640	5.47064
582	641	2.448271
582	642	4.353462
582	643	4.251926
582	644	4.605328
582	645	0.537566
582	646	2.966316
582	647	6.136535
582	648	39.503014
582	649	7.184692999999999
582	650	3.873417
582	651	5.743748
582	652	8.979919
582	653	7.2513190000000005
582	654	31.973011
583	1	53.54978199999999
583	2	73.347672
583	3	107.56993899999999
583	572	0.829901
583	573	0.9464469999999999
583	574	1.8398889999999999
583	575	2.056517
583	576	0.695852
583	577	0.9012290000000001
583	578	0.621495
583	579	0.958593
583	580	1.303252
583	581	2.665628
583	582	15.552019
583	583	93.18881999999999
583	584	2.889351
583	585	2.916725
583	586	5.856031
583	587	9.345947
583	588	2.648324
583	590	6.927744000000001
583	591	2.377853
583	592	21.506764999999998
583	593	4.113283
583	595	7.716033
583	596	0.0
583	597	1.817755
583	598	2.6022380000000003
583	599	0.46602
583	600	4.876764
583	601	0.563209
583	602	6.526929
583	603	9.664666
583	604	8.147205
583	605	15.530420999999999
583	606	5.069478
583	607	0.0
583	608	37.498421
583	609	0.0
583	610	49.887451
583	611	7.156072
583	612	6.048268
583	613	2.704518
583	614	79.249527
583	615	9.227308
583	616	9.112123
583	617	22.944635
583	618	59.962486
583	619	8.866581
583	620	4.517779
583	621	17.611835
583	622	59.309993999999996
583	623	2.1078099999999997
583	624	15.598238
583	625	13.564318
583	626	28.303828999999997
583	627	72.59577900000001
583	628	8.773495
583	629	7.1638720000000005
583	630	2.741987
583	631	6.1251370000000005
583	632	3.319214
583	633	20.849005
583	634	5.3848910000000005
583	635	7.3794889999999995
583	636	4.998868
583	637	4.8178410000000005
583	638	16.510628
583	639	16.946844
583	640	7.729325
583	641	3.5442190000000005
583	642	6.074028
583	643	5.721076999999999
583	644	6.633143
583	645	0.778213
583	646	4.322466
583	647	8.495949000000001
583	648	55.900791000000005
583	649	10.21543
583	650	5.630366
583	651	8.041905
583	652	12.875209
583	653	10.332088
583	654	45.445126
584	1	28.757254
584	2	98.498566
584	3	159.15995800000002
584	572	1.828523
584	573	2.927241
584	574	5.470145
584	575	6.22352
584	576	2.16782
584	577	2.9814
584	578	2.01459
584	579	2.416002
584	580	3.81065
584	581	6.491289
584	582	5.257909
584	583	2.889351
584	584	20.898129
584	585	9.085653
584	586	4.934626000000001
584	587	13.058428999999999
584	588	3.924557
584	590	1.098932
584	591	0.44937200000000005
584	592	7.5761080000000005
584	593	1.3203049999999998
584	595	3.770557
584	596	0.0
584	597	4.825695
584	598	2.491781
584	599	1.37256
584	600	5.407628
584	601	1.499711
584	602	4.797649
584	603	3.7243199999999996
584	604	4.084593
584	605	3.868118
584	606	0.684497
584	607	0.0
584	608	4.4379040000000005
584	609	0.0
584	610	3.787014
584	611	0.694982
584	612	0.664907
584	613	0.73428
584	614	8.804789999999999
584	615	1.123613
584	616	0.770368
584	617	1.687871
584	618	4.585865
584	619	0.629017
584	620	0.390534
584	621	1.552182
584	622	4.182199
584	623	0.188068
584	624	1.293234
584	625	1.08361
584	626	2.400464
584	627	5.937069
584	628	0.823774
584	629	0.709166
584	630	0.32644
584	631	0.552906
584	632	0.38941
584	633	1.7555900000000002
584	634	0.609341
584	635	0.730557
584	636	0.592763
584	637	0.5373
584	638	1.4709649999999999
584	639	1.57228
584	640	0.75265
584	641	0.394764
584	642	0.560092
584	643	0.589012
584	644	0.83799
584	645	0.113757
584	646	0.522698
584	647	0.771334
584	648	4.81439
584	649	1.052653
584	650	0.580309
584	651	0.717967
584	652	1.151966
584	653	0.9453379999999999
584	654	3.756943
585	1	34.470024
585	2	105.02750400000001
585	3	160.06951899999999
585	572	2.2103479999999998
585	573	2.541455
585	574	4.727464
585	575	4.737461
585	576	2.052913
585	577	2.680751
585	578	1.9859360000000001
585	579	2.161282
585	580	3.1248709999999997
585	581	5.333455000000001
585	582	4.943958
585	583	2.916725
585	584	9.085653
585	585	26.991568
585	586	5.156317
585	587	23.351681
585	588	3.531289
585	590	1.120846
585	591	0.628733
585	592	13.658370000000001
585	593	1.376611
585	595	5.920048
585	596	0.0
585	597	4.4886349999999995
585	598	2.716439
585	599	0.7794810000000001
585	600	7.440711
585	601	1.172632
585	602	5.2300059999999995
585	603	4.064735
585	604	5.311419
585	605	5.624258
585	606	0.7944180000000001
585	607	0.0
585	608	8.532888999999999
585	609	0.0
585	610	7.144867
585	611	1.008843
585	612	0.868864
585	613	0.72101
585	614	15.250260999999998
585	615	1.5390629999999998
585	616	1.0031780000000001
585	617	2.968165
585	618	8.280813
585	619	0.680759
585	620	0.47802100000000003
585	621	2.206906
585	622	7.741172
585	623	0.329196
585	624	2.126626
585	625	1.856845
585	626	3.8599419999999998
585	627	10.973212
585	628	1.39297
585	629	1.078619
585	630	0.41428999999999994
585	631	0.9250729999999999
585	632	0.47443
585	633	3.23319
585	634	0.807963
585	635	1.142677
585	636	0.729952
585	637	0.7453489999999999
585	638	2.627202
585	639	2.791124
585	640	1.297786
585	641	0.582052
585	642	1.043599
585	643	1.0814270000000001
585	644	1.139916
585	645	0.136817
585	646	0.716209
585	647	1.486828
585	648	9.167858
585	649	1.7147400000000002
585	650	0.895757
585	651	1.357344
585	652	2.069762
585	653	1.6490259999999999
585	654	7.22151
586	1	33.426758
586	2	85.37509200000001
586	3	130.46489
586	572	1.249825
586	573	1.573917
586	574	2.963188
586	575	3.5796870000000003
586	576	1.152104
586	577	1.518433
586	578	1.0523719999999999
586	579	1.543669
586	580	2.091894
586	581	4.077309
586	582	11.713616
586	583	5.856031
586	584	4.934626000000001
586	585	5.156317
586	586	33.694256
586	587	16.011526
586	588	5.638293
586	590	2.35649
586	591	0.9571729999999999
586	592	20.464376
586	593	2.356659
586	595	9.434979
586	596	0.0
586	597	3.0876900000000003
586	598	4.98382
586	599	0.9026069999999999
586	600	9.528126
586	601	0.9238569999999999
586	602	9.980341000000001
586	603	7.3796990000000005
586	604	11.686955000000001
586	605	11.078235000000001
586	606	1.248317
586	607	0.0
586	608	11.305518
586	609	0.0
586	610	11.17941
586	611	1.687096
586	612	1.486475
586	613	1.225472
586	614	21.352095000000002
586	615	2.325758
586	616	1.8607060000000002
586	617	4.869701999999999
586	618	13.224625
586	619	1.271221
586	620	0.8415450000000001
586	621	3.8539550000000005
586	622	12.008841
586	623	0.512513
586	624	3.485882
586	625	3.011128
586	626	6.121045
586	627	16.945187
586	628	2.1596029999999997
586	629	1.7445810000000002
586	630	0.7026180000000001
586	631	1.456693
586	632	0.82742
586	633	4.936792
586	634	1.354048
586	635	1.81418
586	636	1.263298
586	637	1.225753
586	638	4.0083269999999995
586	639	4.2320910000000005
586	640	1.9677759999999997
586	641	0.923801
586	642	1.54198
586	643	1.5632409999999999
586	644	1.824716
586	645	0.22591799999999998
586	646	1.156112
586	647	2.1670220000000002
586	648	13.660294
586	649	2.636168
586	650	1.4182549999999998
586	651	2.010511
586	652	3.14108
586	653	2.539099
586	654	10.708393
587	1	72.589386
587	2	252.749573
587	3	424.059692
587	572	3.992167
587	573	7.6196660000000005
587	574	14.222042000000002
587	575	14.122578
587	576	5.240189
587	577	7.339408000000001
587	578	4.697842
587	579	6.021043
587	580	10.329583999999999
587	581	17.99231
587	582	17.989805
587	583	9.345947
587	584	13.058428999999999
587	585	23.351681
587	586	16.011526
587	587	87.003456
587	588	14.386791
587	590	3.551163
587	591	1.113669
587	592	12.642275999999999
587	593	4.235405999999999
587	595	8.092771
587	596	0.0
587	597	9.838073
587	598	7.567683000000001
587	599	3.566292
587	600	14.24796
587	601	3.5018589999999996
587	602	15.194122
587	603	11.701891
587	604	11.029175
587	605	9.18572
587	606	2.0013
587	607	0.0
587	608	6.280677
587	609	0.0
587	610	5.597037
587	611	1.624225
587	612	1.743205
587	613	2.426437
587	614	15.959388
587	615	2.8538669999999997
587	616	2.048244
587	617	2.925493
587	618	7.508858999999999
587	619	1.93477
587	620	1.090508
587	621	3.731617
587	622	6.5131239999999995
587	623	0.330138
587	624	2.532105
587	625	1.973436
587	626	4.884539
587	627	9.223158999999999
587	628	1.534282
587	629	1.557842
587	630	0.8783629999999999
587	631	1.047201
587	632	1.087443
587	633	2.741141
587	634	1.570639
587	635	1.539994
587	636	1.6405580000000002
587	637	1.3216350000000001
587	638	2.459647
587	639	2.6705240000000003
587	640	1.3532790000000001
587	641	0.9027200000000001
587	642	0.8543139999999999
587	643	0.936256
587	644	2.102823
587	645	0.320418
587	646	1.301556
587	647	1.079703
587	648	6.936699000000001
587	649	2.089152
587	650	1.248062
587	651	1.056227
587	652	1.9011669999999998
587	653	1.6641130000000002
587	654	5.298292
588	1	20.600294
588	2	53.890953
588	3	79.117661
588	572	0.8894290000000001
588	573	0.9418110000000001
588	574	1.759755
588	575	2.179967
588	576	0.733136
588	577	0.9391809999999999
588	578	0.691
588	579	0.9612799999999999
588	580	1.208906
588	581	2.257678
588	582	4.831003
588	583	2.648324
588	584	3.924557
588	585	3.531289
588	586	5.638293
588	587	14.386791
588	588	10.523206
588	590	1.050969
588	591	0.602137
588	592	14.156320000000001
588	593	1.294063
588	595	6.214752
588	596	0.0
588	597	2.123054
588	598	2.837383
588	599	0.579759
588	600	8.22966
588	601	0.562513
588	602	5.624238
588	603	4.154573
588	604	5.645288
588	605	5.830497
588	606	0.716411
588	607	0.0
588	608	7.992355
588	609	0.0
588	610	6.709994999999999
588	611	0.9241729999999999
588	612	0.782466
588	613	0.6523329999999999
588	614	14.565079999999998
588	615	1.450201
588	616	0.944938
588	617	2.82213
588	618	7.797655000000001
588	619	0.606228
588	620	0.428018
588	621	2.0623240000000003
588	622	7.184724
588	623	0.30217
588	624	1.988735
588	625	1.74259
588	626	3.5078160000000005
588	627	10.177078
588	628	1.2678260000000001
588	629	0.9806969999999999
588	630	0.36780100000000004
588	631	0.848932
588	632	0.423307
588	633	2.9795
588	634	0.722338
588	635	1.035715
588	636	0.6498510000000001
588	637	0.666665
588	638	2.401712
588	639	2.534468
588	640	1.1701219999999999
588	641	0.51812
588	642	0.943464
588	643	0.9583659999999999
588	644	0.9953719999999999
588	645	0.11694700000000001
588	646	0.630578
588	647	1.343134
588	648	8.381034
588	649	1.5369629999999999
588	650	0.806809
588	651	1.2333020000000001
588	652	1.888938
588	653	1.504872
588	654	6.701207000000001
590	1	16.69935
590	2	26.047056
590	3	40.668746999999996
590	572	0.312671
590	573	0.364956
590	574	0.6994520000000001
590	575	0.794535
590	576	0.264573
590	577	0.343762
590	578	0.237105
590	579	0.362317
590	580	0.49817
590	581	1.089051
590	582	6.862547999999999
590	583	6.927744000000001
590	584	1.098932
590	585	1.120846
590	586	2.35649
590	587	3.551163
590	588	1.050969
590	590	10.449483
590	591	1.631966
590	592	12.450434
590	593	3.582045
590	595	3.661319
590	596	0.0
590	597	0.7246859999999999
590	598	1.13907
590	599	0.182152
590	600	1.9195099999999998
590	601	0.21414899999999998
590	602	2.760521
590	603	7.551032000000001
590	604	3.3152190000000004
590	605	6.66675
590	606	1.637066
590	607	0.0
590	608	15.586322000000001
590	609	0.0
590	610	15.052982
590	611	2.162525
590	612	1.827693
590	613	1.5140149999999999
590	614	32.680294
590	615	3.5517160000000003
590	616	2.921828
590	617	7.061528
590	618	18.167065
590	619	1.457158
590	620	1.041216
590	621	5.460458999999999
590	622	15.573879999999999
590	623	0.6415
590	624	4.746509
590	625	4.12744
590	626	7.484358
590	627	21.681387
590	628	2.603017
590	629	2.138014
590	630	0.8211950000000001
590	631	1.809777
590	632	0.9965719999999999
590	633	6.122248
590	634	1.602552
590	635	2.175897
590	636	1.505902
590	637	1.441764
590	638	4.847576999999999
590	639	5.01691
590	640	2.282382
590	641	1.052308
590	642	1.781898
590	643	1.700184
590	644	1.977729
590	645	0.234979
590	646	1.286071
590	647	2.48454
590	648	16.355175
590	649	3.021544
590	650	1.6706349999999999
590	651	2.3611310000000003
590	652	3.767054
590	653	3.082908
590	654	13.596677
591	1	9.764396000000001
591	2	16.461168
591	3	28.10955
591	572	0.154554
591	573	0.24660100000000001
591	574	0.47654799999999997
591	575	0.616626
591	576	0.16630999999999999
591	577	0.22638200000000003
591	578	0.15857100000000002
591	579	0.26755
591	580	0.395401
591	581	0.9241809999999999
591	582	2.7662619999999998
591	583	2.377853
591	584	0.44937200000000005
591	585	0.628733
591	586	0.9571729999999999
591	587	1.113669
591	588	0.602137
591	590	1.631966
591	591	2.576023
591	592	4.0506720000000005
591	593	2.398942
591	595	1.432776
591	596	0.0
591	597	0.484966
591	598	0.669007
591	599	0.11508399999999999
591	600	0.879007
591	601	0.163409
591	602	1.6646619999999999
591	603	2.959892
591	604	1.2130969999999999
591	605	1.8442479999999999
591	606	1.1888100000000001
591	607	0.0
591	608	5.867287999999999
591	609	0.0
591	610	4.385505
591	611	1.021886
591	612	0.976426
591	613	1.382599
591	614	15.375988000000001
591	615	2.318545
591	616	1.073879
591	617	2.918945
591	618	6.355844
591	619	0.513215
591	620	0.39350100000000005
591	621	1.463859
591	622	4.020005
591	623	0.20009100000000002
591	624	1.4979129999999998
591	625	1.14415
591	626	2.317773
591	627	7.308155
591	628	0.987727
591	629	0.939543
591	630	0.44887200000000005
591	631	0.699163
591	632	0.574364
591	633	2.054839
591	634	0.8315600000000001
591	635	0.9159290000000001
591	636	0.7867810000000001
591	637	0.693227
591	638	1.696463
591	639	1.7488299999999999
591	640	0.830319
591	641	0.472012
591	642	0.5756020000000001
591	643	0.565415
591	644	0.9822299999999999
591	645	0.13439700000000002
591	646	0.634142
591	647	0.760357
591	648	5.187996
591	649	1.19896
591	650	0.714171
591	651	0.756059
591	652	1.3039379999999998
591	653	1.121375
591	654	4.573151
592	1	110.957237
592	2	293.205475
592	3	532.935242
592	572	2.744226
592	573	5.5709089999999994
592	574	10.687503999999999
592	575	14.707242
592	576	3.638503
592	577	5.1109860000000005
592	578	3.54032
592	579	6.012665
592	580	9.109278
592	581	21.317719
592	582	40.565094
592	583	21.506764999999998
592	584	7.5761080000000005
592	585	13.658370000000001
592	586	20.464376
592	587	12.642275999999999
592	588	14.156320000000001
592	590	12.450434
592	591	4.0506720000000005
592	592	82.54355600000001
592	593	19.383710999999998
592	595	20.678133
592	596	0.0
592	597	10.578223
592	598	14.292093
592	599	2.7262310000000003
592	600	14.114039000000002
592	601	3.77395
592	602	39.845062
592	603	40.40583
592	604	22.263426000000003
592	605	19.356861
592	606	7.229146000000001
592	607	0.0
592	608	8.983077
592	609	0.0
592	610	6.173535
592	611	4.704747
592	612	5.48641
592	613	15.713854999999999
592	614	35.970043
592	615	10.042518
592	616	5.033556
592	617	5.873693
592	618	12.642536999999999
592	619	4.226179
592	620	2.3679099999999997
592	621	6.900510000000001
592	622	7.340471000000001
592	623	0.538524
592	624	4.934517
592	625	3.175061
592	626	8.893146
592	627	13.022277
592	628	3.1430580000000004
592	629	4.064011
592	630	2.7244990000000002
592	631	2.250641
592	632	3.555395
592	633	3.8681389999999998
592	634	4.729465
592	635	3.771075
592	636	4.893237
592	637	3.711244
592	638	4.082656
592	639	4.470297
592	640	2.535806
592	641	2.3332889999999997
592	642	1.065843
592	643	1.27453
592	644	5.778389
592	645	0.9446690000000001
592	646	3.61268
592	647	0.9600879999999999
592	648	7.260396000000001
592	649	4.565219
592	650	3.09052
592	651	1.185102
592	652	3.043702
592	653	3.077459
592	654	5.293586
593	1	21.708911999999998
593	2	36.872215000000004
593	3	59.084114
593	572	0.40326799999999996
593	573	0.46877399999999997
593	574	0.8994559999999999
593	575	1.159794
593	576	0.341048
593	577	0.442563
593	578	0.331732
593	579	0.5325
593	580	0.721196
593	581	1.6635330000000002
593	582	5.587358999999999
593	583	4.113283
593	584	1.3203049999999998
593	585	1.376611
593	586	2.356659
593	587	4.235405999999999
593	588	1.294063
593	590	3.582045
593	591	2.398942
593	592	19.383710999999998
593	593	15.731098999999999
593	595	5.630023
593	596	0.0
593	597	1.09595
593	598	1.7566130000000002
593	599	0.22472199999999998
593	600	2.9551529999999997
593	601	0.311755
593	602	4.373813
593	603	7.094853
593	604	3.793771
593	605	5.919183
593	606	2.350705
593	607	0.0
593	608	21.878662
593	609	0.0
593	610	15.988457
593	611	2.621104
593	612	2.229258
593	613	2.273557
593	614	46.834765999999995
593	615	5.221496
593	616	2.18046
593	617	8.511599
593	618	21.502056
593	619	0.916121
593	620	0.802523
593	621	3.477618
593	622	14.428014000000001
593	623	0.6643020000000001
593	624	4.517291999999999
593	625	3.6080669999999997
593	626	6.833389
593	627	25.955154
593	628	3.1282810000000003
593	629	2.582004
593	630	1.002425
593	631	2.1695729999999998
593	632	1.2178229999999999
593	633	7.300978999999999
593	634	1.94755
593	635	2.617753
593	636	1.69786
593	637	1.7164150000000002
593	638	5.793916
593	639	5.948867
593	640	2.7134400000000003
593	641	1.262518
593	642	2.107616
593	643	2.049049
593	644	2.412419
593	645	0.289798
593	646	1.5630879999999998
593	647	2.9335709999999997
593	648	19.493279
593	649	3.641464
593	650	2.016652
593	651	2.820774
593	652	4.498279
593	653	3.7065379999999997
593	654	17.212495999999998
595	1	44.548716999999996
595	2	126.471001
595	3	225.16668700000002
595	572	1.309876
595	573	2.390384
595	574	4.568237
595	575	6.446992
595	576	1.606973
595	577	2.23106
595	578	1.5906209999999998
595	579	2.6434
595	580	3.8872980000000004
595	581	8.984195
595	582	14.109331
595	583	7.716033
595	584	3.770557
595	585	5.920048
595	586	9.434979
595	587	8.092771
595	588	6.214752
595	590	3.661319
595	591	1.432776
595	592	20.678133
595	593	5.630023
595	595	37.261265
595	596	0.0
595	597	4.935646
595	598	7.484442
595	599	1.149356
595	600	8.652337
595	601	1.643344
595	602	17.976784
595	603	13.166162
595	604	9.072239
595	605	8.781829
595	606	2.337475
595	607	0.0
595	608	10.264594
595	609	0.0
595	610	5.688699
595	611	1.830888
595	612	1.9397400000000002
595	613	4.7866029999999995
595	614	19.368244
595	615	3.531658
595	616	1.73985
595	617	3.447564
595	618	8.487805999999999
595	619	1.557201
595	620	0.870366
595	621	3.0638970000000003
595	622	5.719889
595	623	0.31425
595	624	2.380329
595	625	1.7263650000000001
595	626	4.118979
595	627	10.135556
