$OR;D2
* From-Time To-Time
0.00  8.00
* Factor
1
*To From Factor
1	1	0.0
1	2	0.0
1	3	0.0
1	572	1.7731944385832408
1	573	2.085667317061536
1	574	4.217626722412148
1	575	4.564554299252664
1	576	1.6964721102321514
1	577	2.063724060224201
1	578	1.3072746729209728
1	579	2.543026270551757
1	580	4.013230277905866
1	581	9.478865987597393
1	582	6.081586379670854
1	583	5.901287614366354
1	584	5.325504129670853
1	585	4.529205623787567
1	586	5.06753909612021
1	587	6.339097733224679
1	588	2.594898578192081
1	590	1.839882498489426
1	591	1.832676927055176
1	592	30.615796072905074
1	593	2.3438453616234702
1	595	8.608286192637939
1	596	0.0
1	597	3.5456840449197013
1	598	3.8904083518444894
1	599	0.5940549224041979
1	600	5.846164379511848
1	601	1.470514044323422
1	602	6.41346043488631
1	603	4.702210490578788
1	604	6.666831568134838
1	605	8.572525324137384
1	606	2.8289599844569886
1	607	0.0
1	608	55.49517393894101
1	609	0.0
1	610	20.00750956964541
1	611	5.842725199634282
1	612	5.788152224638258
1	613	1.7635763780410243
1	614	33.776068477261894
1	615	5.8510442275799015
1	616	3.1425220071951023
1	617	6.926410801359516
1	618	53.26655370543807
1	619	1.7451802564000638
1	620	1.949460269756718
1	621	7.784183615956433
1	622	74.97757612414534
1	623	2.076526802671331
1	624	9.467859452138654
1	625	9.115479462553665
1	626	29.807954377643505
1	627	40.840813982509154
1	628	18.960798664612817
1	629	10.197550418508508
1	630	3.1290639491970103
1	631	11.288389398394024
1	632	2.6709296802353317
1	633	46.10265235510415
1	634	6.374404252583878
1	635	13.1892066520512
1	636	4.457036824018127
1	637	5.50607657509143
1	638	41.9074740936556
1	639	23.96408761742725
1	640	10.849402700389572
1	641	8.085030331133725
1	642	18.06986527719033
1	643	18.19881835160598
1	644	13.220873248171413
1	645	1.3440205221815869
1	646	6.424086450151059
1	647	26.053491437589447
1	648	117.7207285488949
1	649	20.82961675731436
1	650	9.388765898592784
1	651	24.342867143425032
1	652	26.41908457827159
1	653	18.728656587931308
1	654	73.40044683447289
2	1	0.0
2	2	0.0
2	3	0.0
2	572	4.6706395821275235
2	573	4.862822800524727
2	574	10.174109170098586
2	575	10.876238965137544
2	576	4.5443327513118135
2	577	5.29597768083161
2	578	3.4636705676578154
2	579	6.4961727220941325
2	580	10.379968141516937
2	581	19.80667386627445
2	582	11.007131220424553
2	583	7.9282812156543185
2	584	15.918326256559071
2	585	11.563340889092064
2	586	12.015413823779616
2	587	18.010095725711558
2	588	5.925467821394499
2	590	2.7015691394895853
2	591	2.9276866848465577
2	592	72.65518085983464
2	593	3.678134960884083
2	595	22.019405039672453
2	596	0.0
2	597	9.242706144061057
2	598	10.187561205795836
2	599	1.336590118182541
2	600	15.90959302814438
2	601	3.643412158610273
2	602	14.910101645730641
2	603	8.908720937827955
2	604	16.12296872320719
2	605	18.557158634639848
2	606	2.2239866306249008
2	607	0.0
2	608	60.69360283681824
2	609	0.0
2	610	14.686214582167276
2	611	4.210532675067578
2	612	3.6812857394657343
2	613	2.4153001841707744
2	614	43.457573066664025
2	615	7.820347755565272
2	616	4.053219693790746
2	617	7.982852852361266
2	618	48.947418648791555
2	619	1.7610780153840042
2	620	1.5969986445380826
2	621	8.098367497018604
2	622	52.73230469136588
2	623	1.310417644816346
2	624	7.632829812887581
2	625	7.617935547662585
2	626	21.981725510733032
2	627	25.217242995349025
2	628	9.001028311615519
2	629	5.655263911194148
2	630	1.4709864603673082
2	631	6.545154325329943
2	632	1.4977899370329149
2	633	24.64679326176657
2	634	3.3417829904197807
2	635	6.419408014588966
2	636	2.559845218516457
2	637	3.0603468200031805
2	638	20.758197176379394
2	639	12.618226063801878
2	640	5.24943243285896
2	641	3.969520641437431
2	642	8.862024017093338
2	643	8.745809893345525
2	644	6.358725973008427
2	645	0.6502086398473526
2	646	3.096117279575449
2	647	12.730897067220544
2	648	55.39694708952139
2	649	9.949091921410401
2	650	4.192351794919702
2	651	11.091717781483544
2	652	11.90879322527429
2	653	9.130332909961837
2	654	45.241213074534905
3	1	0.0
3	2	0.0
3	3	0.0
3	572	8.50647875079504
3	573	7.546699758427413
3	574	17.017666271704563
3	575	13.285580417196693
3	576	7.262027828072826
3	577	8.453573953132455
3	578	5.5507921588487825
3	579	8.821487240976309
3	580	16.668694012203847
3	581	39.191817454205754
3	582	17.347703525162984
3	583	12.30823169669264
3	584	25.83211790395929
3	585	18.54119306900939
3	586	19.151085304340924
3	587	29.28778193417077
3	588	9.344258195738592
3	590	4.382134345762443
3	591	4.960781099936397
3	592	125.6975463866672
3	593	6.057693235649547
3	595	37.75170420758467
3	596	0.0
3	597	13.074249404794084
3	598	17.280524536214028
3	599	2.101398682103673
3	600	25.965194247018605
3	601	4.4779315313642885
3	602	25.010180679003025
3	603	14.567260757632376
3	604	25.826200881857208
3	605	29.744463044243922
3	606	3.623201763078391
3	607	0.0
3	608	103.22469354332964
3	609	0.0
3	610	25.011426403084755
3	611	7.108140197686438
3	612	6.154815327436795
3	613	3.914878298457624
3	614	74.46074248886947
3	615	13.369521253776435
3	616	6.417843331610749
3	617	13.539138687867705
3	618	83.83631486460487
3	619	2.7325340260375257
3	620	2.4820134485212275
3	621	12.756461957346161
3	622	84.77857230724281
3	623	2.1874312645094607
3	624	12.66958647587057
3	625	12.177508734973767
3	626	34.55455212505963
3	627	42.644425501311815
3	628	15.230236452218158
3	629	9.546232113968834
3	630	2.420510143544284
3	631	11.275617882692005
3	632	2.473326391079663
3	633	42.64327501880268
3	634	5.603710785498491
3	635	10.99854765733821
3	636	4.2101459095245675
3	637	5.080801986961361
3	638	35.706734038281134
3	639	21.27135676204484
3	640	8.83286582079822
3	641	6.6619316457306414
3	642	15.011771020750516
3	643	14.5756553989108
3	644	10.509281215694068
3	645	1.0633010055652727
3	646	5.116636907457465
3	647	21.664303193154716
3	648	95.27155003931469
3	649	16.71831643285896
3	650	7.0576994132612505
3	651	18.85828862100493
3	652	20.550935901057397
3	653	15.404955890364127
3	654	76.69615253200033
572	1	1.7731944385832408
572	2	4.6706395821275235
572	3	8.50647875079504
572	572	0.09906551057401812
572	573	0.05263981642550485
572	574	0.12359456495468275
572	575	0.06759720428525999
572	576	0.042501384480839566
572	577	0.04579201427094928
572	578	0.03230049904595325
572	579	0.04486324165209095
572	580	0.07178537994911753
572	581	0.16990070527905868
572	582	0.08432113372555257
572	583	0.057491337374781376
572	584	0.14720778351089206
572	585	0.10624141660041342
572	586	0.09572424884719352
572	587	0.15991907620448406
572	588	0.04786970806169502
572	590	0.02007054432342185
572	591	0.01970652969470504
572	592	0.4981071792812848
572	593	0.0254252619653363
572	595	0.1530714970981078
572	596	0.0
572	597	0.06991824363968835
572	598	0.07246500775162983
572	599	0.009677168309747176
572	600	0.12911857616473207
572	601	0.02227671386547941
572	602	0.11249970241691844
572	603	0.06925779798060105
572	604	0.12739352154555575
572	605	0.1444553689775799
572	606	0.014850547781841309
572	607	0.0
572	608	0.3929290333518843
572	609	0.0
572	610	0.10273911408809032
572	611	0.027738940729845767
572	612	0.0241755230163778
572	613	0.016136643584035618
572	614	0.290810662346955
572	615	0.05278680517570362
572	616	0.030198269955477818
572	617	0.05267171231515344
572	618	0.3245252868500557
572	619	0.012526385752901893
572	620	0.01138549431547146
572	621	0.059897358085546186
572	622	0.379199971815869
572	623	0.009145644498330418
572	624	0.05598063205597075
572	625	0.05636271358721578
572	626	0.15712205203529975
572	627	0.16294249427571952
572	628	0.057824571354746376
572	629	0.03669833999840992
572	630	0.009544677691206873
572	631	0.04310718333598347
572	632	0.00990378525997774
572	633	0.1621593721179838
572	634	0.021909799610430908
572	635	0.04211796466051837
572	636	0.01697128987120369
572	637	0.019849949674034032
572	638	0.13540050508824933
572	639	0.0809771954205756
572	640	0.03361982902687232
572	641	0.025492845563682618
572	642	0.05675170961202099
572	643	0.0538750572428049
572	644	0.03985714831451741
572	645	0.0040342724200985855
572	646	0.019670841986007312
572	647	0.08176254806010494
572	648	0.3592454125457148
572	649	0.06314070166163141
572	650	0.02698213825727461
572	651	0.07076716501033553
572	652	0.07791496696613134
572	653	0.05837929217681667
572	654	0.2901598077595802
573	1	2.085667317061536
573	2	4.862822800524727
573	3	7.546699758427413
573	572	0.05263981642550485
573	573	0.013090474598505326
573	574	0.02623983391636191
573	575	0.021306677333439338
573	576	0.03481603641278423
573	577	0.025177901534425187
573	578	0.028286747058355863
573	579	0.02372206606773732
573	580	0.029149720464302756
573	581	0.027651282795356974
573	582	0.043416774208936235
573	583	0.031475889926856425
573	584	0.239331142550485
573	585	0.08048537418508507
573	586	0.11113553975194784
573	587	0.2491836267292097
573	588	0.02791760232151376
573	590	0.009581257592622041
573	591	0.032131651574177134
573	592	1.0098457249960249
573	593	0.012293969550007949
573	595	0.2835629348068055
573	596	0.0
573	597	0.07082917240419781
573	598	0.1071358397996502
573	599	0.0013322667753219908
573	600	0.2185997064716171
573	601	0.01047144287645095
573	602	0.14616391803148354
573	603	0.06549452909842582
573	604	0.2079625387979011
573	605	0.25486867872475755
573	606	0.0037438636905708375
573	607	0.0
573	608	0.810139760653522
573	609	0.0
573	610	0.2051293808236604
573	611	0.040080196493878215
573	612	0.027581914811575767
573	613	0.007864009659723326
573	614	0.5178132628796311
573	615	0.08363548362219747
573	616	0.04528970977102879
573	617	0.09638447145810143
573	618	0.6419281992367626
573	619	0.0067224490777548105
573	620	0.012136497535379235
573	621	0.0919438052552075
573	622	0.7662325034981714
573	623	0.01726259079344888
573	624	0.09845792733343932
573	625	0.10619591477182383
573	626	0.2883185450389569
573	627	0.3084883458021943
573	628	0.10864565292574337
573	629	0.06069252484496741
573	630	0.0075753853156304675
573	631	0.0812332547304818
573	632	0.005281557839084115
573	633	0.32592714465733824
573	634	0.02418310665447607
573	635	0.07248798171410399
573	636	0.014182964581014472
573	637	0.02528563380505645
573	638	0.2667495630465893
573	639	0.15302108820957228
573	640	0.06013713487835904
573	641	0.04294591950230562
573	642	0.114570481714104
573	643	0.10781881332485292
573	644	0.05782858622197488
573	645	0.00509330517570361
573	646	0.0244213221100334
573	647	0.16796353184131022
573	648	0.7327357970663063
573	649	0.11240847571155987
573	650	0.04383365125616155
573	651	0.1440549974956273
573	652	0.15173387716648115
573	653	0.11243635673397996
573	654	0.5975677081809511
574	1	4.217626722412148
574	2	10.174109170098586
574	3	17.017666271704563
574	572	0.12359456495468275
574	573	0.02623983391636191
574	574	0.13593648986325332
574	575	0.05393862597392272
574	576	0.07363132668150739
574	577	0.056592230163778026
574	578	0.0594115591508984
574	579	0.053780484814755926
574	580	0.06894954539672442
574	581	0.0879358525202735
574	582	0.0993171089203371
574	583	0.07148002699157259
574	584	0.4759937366830975
574	585	0.1723983987915408
574	586	0.2286085474240738
574	587	0.5001741667594213
574	588	0.062337282119573866
574	590	0.022239241771346795
574	591	0.06426620277468596
574	592	1.995215927174432
574	593	0.028346970066783283
574	595	0.5626852034107171
574	596	0.0
574	597	0.1459890482588647
574	598	0.21543309146923198
574	599	0.0045285471855620926
574	600	0.4368124243520433
574	601	0.02423373859119097
574	602	0.2977740034584195
574	603	0.13721366373827318
574	604	0.4172174187470186
574	605	0.5096673203211957
574	606	0.010109881777707108
574	607	0.0
574	608	1.6000361146446176
574	609	0.0
574	610	0.40095653732707903
574	611	0.07927511476387343
574	612	0.05573951697408173
574	613	0.018222144061058997
574	614	1.0286080917474956
574	615	0.1671656885037367
574	616	0.0917566678327238
574	617	0.19037429766258548
574	618	1.2515322563205598
574	619	0.015332331849260613
574	620	0.025267120806169503
574	621	0.18370493405151853
574	622	1.5220758688980762
574	623	0.034430832207028146
574	624	0.1936586821036731
574	625	0.20840305895213865
574	626	0.5760808079185881
574	627	0.6063243566544761
574	628	0.21315866918429008
574	629	0.1194226718079186
574	630	0.015946383487040867
574	631	0.15636926442995708
574	632	0.011681925345841948
574	633	0.624540924511051
574	634	0.04851275596279217
574	635	0.14021455394339324
574	636	0.02974414386229925
574	637	0.051072456869136584
574	638	0.5144264993242169
574	639	0.30160730946891395
574	640	0.11880638968834473
574	641	0.08502217415328353
574	642	0.2246407433614247
574	643	0.2146994860073144
574	644	0.11680007131499442
574	645	0.010461628756559071
574	646	0.04957111957385912
574	647	0.3276252104468119
574	648	1.414862185283829
574	649	0.2222777709492765
574	650	0.08648782373986326
574	651	0.2813458359039593
574	652	0.29167296660836384
574	653	0.22221977842264276
574	654	1.1752205596676737
575	1	4.564554299252664
575	2	10.876238965137544
575	3	13.285580417196693
575	572	0.06759720428525999
575	573	0.021306677333439338
575	574	0.05393862597392272
575	575	0.16543059671648913
575	576	0.05605691453331213
575	577	0.048888369096835735
575	578	0.0594581762203848
575	579	0.07062218369375099
575	580	0.08144671183813007
575	581	0.09017213356654476
575	582	0.12120482676101133
575	583	0.08576916250596281
575	584	0.4996865834393386
575	585	0.17806270730640802
575	586	0.2589649585387184
575	587	0.4839208689775799
575	588	0.07610336965336299
575	590	0.02721165483383686
575	591	0.0774994282079822
575	592	2.4166085847909047
575	593	0.036740942200667835
575	595	0.6930753772459851
575	596	0.0
575	597	0.20064544327397044
575	598	0.27002680994593736
575	599	0.008109585705199556
575	600	0.4796722472571157
575	601	0.03912131237080617
575	602	0.339503195142312
575	603	0.15333357870885675
575	604	0.4583649007791383
575	605	0.5568721217602163
575	606	0.014041552035299729
575	607	0.0
575	608	1.9079518957703927
575	609	0.0
575	610	0.4412276630624901
575	611	0.09348060721100336
575	612	0.0666322978613452
575	613	0.02411150818890126
575	614	1.21366135204325
575	615	0.19722566858801086
575	616	0.09993584456988393
575	617	0.2275738269200191
575	618	1.4532864720941323
575	619	0.01835195810144697
575	620	0.02816853152329465
575	621	0.20084462529813965
575	622	1.6295380281841307
575	623	0.03733692693591986
575	624	0.20972216588487835
575	625	0.2249900368103037
575	626	0.6186036050246463
575	627	0.7148977419701066
575	628	0.2495686078867865
575	629	0.14007403359039594
575	630	0.019531882970265545
575	631	0.17911014155668628
575	632	0.014686607370011132
575	633	0.7118129856495469
575	634	0.057178177730958825
575	635	0.1607445775162983
575	636	0.03483677989346478
575	637	0.06031066636190174
575	638	0.5896216167912228
575	639	0.35169612386706944
575	640	0.13845135808554618
575	641	0.09915651423119734
575	642	0.2599106828192081
575	643	0.2543661511766577
575	644	0.13965737959135002
575	645	0.012654861504213707
575	646	0.05929245142311974
575	647	0.3762564049928447
575	648	1.6234675489346475
575	649	0.2613587115996184
575	650	0.1013865499284465
575	651	0.3271093000079504
575	652	0.3325347239227222
575	653	0.26202495651136903
575	654	1.3960619003418668
576	1	1.6964721102321514
576	2	4.5443327513118135
576	3	7.262027828072826
576	572	0.042501384480839566
576	573	0.03481603641278423
576	574	0.07363132668150739
576	575	0.05605691453331213
576	576	0.07120768516457306
576	577	0.042431124304340914
576	578	0.03300131642550485
576	579	0.04072123696136111
576	580	0.059894904555573225
576	581	0.10294632584671652
576	582	0.07255199654158054
576	583	0.05085476184608045
576	584	0.18183199848942605
576	585	0.10427814652567977
576	586	0.10022023099856894
576	587	0.18958470710764827
576	588	0.042360641079662906
576	590	0.016942962752424868
576	591	0.023396638774049933
576	592	0.6542754773016378
576	593	0.021714186357131498
576	595	0.1940762282954365
576	596	0.0
576	597	0.07197987796152011
576	598	0.08431868019557959
576	599	0.007309288837653046
576	600	0.1561671827794562
576	601	0.019283407298457626
576	602	0.1245182074654158
576	603	0.06946211011289552
576	604	0.15093737211798378
576	605	0.1761105896406424
576	606	0.011540512800127205
576	607	0.0
576	608	0.51190605489744
576	609	0.0
576	610	0.12849827917792972
576	611	0.029832247893146768
576	612	0.02404392459055494
576	613	0.013891663658769279
576	614	0.3554324039195421
576	615	0.06145869534107173
576	616	0.034186817498807434
576	617	0.06442211345205916
576	618	0.4020186927571951
576	619	0.010999174868818571
576	620	0.011713152090952457
576	621	0.06832166477182383
576	622	0.4938989292812848
576	623	0.011553003498171413
576	624	0.06623237247575131
576	625	0.06892701753060901
576	626	0.19603191473207188
576	627	0.19978403120527907
576	628	0.07014173791540786
576	629	0.04193328076800763
576	630	0.008628395770392748
576	631	0.05038948334393385
576	632	0.008078358960089045
576	633	0.19435883033868664
576	634	0.02118578522022579
576	635	0.047314095046907305
576	636	0.01563679261408809
576	637	0.020873294720941328
576	638	0.16247387005088249
576	639	0.0994201571792018
576	640	0.0402019807998092
576	641	0.02966116993957704
576	642	0.07133437653045
576	643	0.06947036289553189
576	644	0.044604059667673716
576	645	0.004346762919383049
576	646	0.020580432461440614
576	647	0.10255465324375897
576	648	0.4402846153601527
576	649	0.07548597229289235
576	650	0.03070079750357768
576	651	0.0886850713547464
576	652	0.09223086826204484
576	653	0.07295392936078868
576	654	0.3733197526633805
577	1	2.063724060224201
577	2	5.29597768083161
577	3	8.453573953132455
577	572	0.04579201427094928
577	573	0.025177901534425187
577	574	0.056592230163778026
577	575	0.048888369096835735
577	576	0.042431124304340914
577	577	0.07148515709969787
577	578	0.036425552075051666
577	579	0.039477074216886635
577	580	0.05541743540308475
577	581	0.08449689569088886
577	582	0.06994612466210844
577	583	0.049807327595802205
577	584	0.23896913535538244
577	585	0.11073717570360947
577	586	0.11919761619494355
577	587	0.24369218055334715
577	588	0.04202428442518683
577	590	0.016077312768325646
577	591	0.030745407139449836
577	592	0.9139883163857528
577	593	0.02060541385752902
577	595	0.26446265006360314
577	596	0.0
577	597	0.08244574463348704
577	598	0.10773628549848943
577	599	0.005689512959135
577	600	0.20616387827953567
577	601	0.018576344569883926
577	602	0.15288948978374942
577	603	0.07823927901892193
577	604	0.1976383077198283
577	605	0.2353122604547623
577	606	0.009661108840833202
577	607	0.0
577	608	0.7185274049928447
577	609	0.0
577	610	0.17782917586261726
577	611	0.03756443607886787
577	612	0.028345631777707114
577	613	0.013234786770551758
577	614	0.4784963372555256
577	615	0.07999979829861663
577	616	0.04368197849419622
577	617	0.08723570428526
577	618	0.5542198558594371
577	619	0.010722372078231837
577	620	0.01365880135951662
577	621	0.08804871489903006
577	622	0.6906624420416602
577	623	0.015851588010812528
577	624	0.08845153991095564
577	625	0.09390596008904437
577	626	0.2668497116791223
577	627	0.2726308974399745
577	628	0.09541131225155032
577	629	0.05487230565272699
577	630	0.009196722531404038
577	631	0.06807519653363013
577	632	0.007775682580696454
577	633	0.26725387498012404
577	634	0.024579686317379557
577	635	0.06227527472571157
577	636	0.016927349379869616
577	637	0.025436637422483702
577	638	0.22263442498807445
577	639	0.1357156721656861
577	640	0.05401803112577517
577	641	0.03914807815232946
577	642	0.09911658860709174
577	643	0.0969086346795993
577	644	0.05665468365399905
577	645	0.005320368222292892
577	646	0.024913589441882652
577	647	0.14292570456352366
577	648	0.6098547632373986
577	649	0.10128305557322308
577	650	0.0399590813324853
577	651	0.12333649821116235
577	652	0.12577062299252664
577	653	0.10030588149944347
577	654	0.5226944492367627
578	1	1.3072746729209728
578	2	3.4636705676578154
578	3	5.5507921588487825
578	572	0.03230049904595325
578	573	0.028286747058355863
578	574	0.0594115591508984
578	575	0.0594581762203848
578	576	0.03300131642550485
578	577	0.036425552075051666
578	578	0.049506435601844485
578	579	0.031745778223882984
578	580	0.04707654873588806
578	581	0.08290923875019876
578	582	0.0660954208936238
578	583	0.04616115900779138
578	584	0.15820785057242806
578	585	0.09521146108284304
578	586	0.08772886380982667
578	587	0.16410368309747178
578	588	0.038609639847352516
578	590	0.015432480481793609
578	591	0.021500729249483232
578	592	0.6035750647956749
578	593	0.020251213348704087
578	595	0.18008374685959613
578	596	0.0
578	597	0.07288924538877405
578	598	0.07899630453967245
578	599	0.00766125886468437
578	600	0.13366875902369216
578	601	0.016927572428048977
578	602	0.10815093206392117
578	603	0.06121222710287804
578	604	0.12895329746382575
578	605	0.14930666687867705
578	606	0.010818505843536334
578	607	0.0
578	608	0.4648114392590238
578	609	0.0
578	610	0.10765933387660996
578	611	0.027167714342502786
578	612	0.022040728891715697
578	613	0.01306348576880267
578	614	0.3248652122754015
578	615	0.056306728494196226
578	616	0.029168233463189693
578	617	0.058660555930990614
578	618	0.3608803557004293
578	619	0.009973599340117666
578	620	0.01024371068532358
578	621	0.05826353017172841
578	622	0.4129371241850851
578	623	0.009704603235808554
578	624	0.055785241850850695
578	625	0.05778375353792335
578	626	0.16497981634600095
578	627	0.18050107000318014
578	628	0.06323951200508825
578	629	0.03799424992049611
578	630	0.007983117387501987
578	631	0.0453345424550803
578	632	0.007534567498807444
578	633	0.17434315586738752
578	634	0.01939470833995866
578	635	0.04265684906185403
578	636	0.01406742562410558
578	637	0.018878351804738437
578	638	0.14584652047225313
578	639	0.0889034355223406
578	640	0.035996407377961524
578	641	0.026618346676737164
578	642	0.06351564565113693
578	643	0.06241579507870886
578	644	0.04053900659882334
578	645	0.003969588448083957
578	646	0.018786455954841786
578	647	0.09113503255684527
578	648	0.3946750544999205
578	649	0.06812515932580697
578	650	0.027804962990936558
578	651	0.07960098815391957
578	652	0.08274262176021625
578	653	0.06583512366830975
578	654	0.3380475827238035
579	1	2.543026270551757
579	2	6.4961727220941325
579	3	8.821487240976309
579	572	0.04486324165209095
579	573	0.02372206606773732
579	574	0.053780484814755926
579	575	0.07062218369375099
579	576	0.04072123696136111
579	577	0.039477074216886635
579	578	0.031745778223882984
579	579	0.08713444041183019
579	580	0.07096657008268406
579	581	0.0930621688265225
579	582	0.06870686897757991
579	583	0.04915357338209572
579	584	0.20691733502941645
579	585	0.0916821697408173
579	586	0.1190084713388456
579	587	0.21926104432342186
579	588	0.041093504372714265
579	590	0.01581344677214184
579	591	0.034380423318492614
579	592	1.0280716608761329
579	593	0.021772624980124024
579	595	0.2978991334870409
579	596	0.0
579	597	0.09545815236921608
579	598	0.1202758310939736
579	599	0.00621902933693751
579	600	0.2069371863173796
579	601	0.027465929758308163
579	602	0.1564294874383845
579	603	0.07588188281125775
579	604	0.19907139227222134
579	605	0.23821121764191444
579	606	0.010090030489744
579	607	0.0
579	608	0.8179453316902529
579	609	0.0
579	610	0.1894267889966608
579	611	0.04273469287645095
579	612	0.03194719072984576
579	613	0.014253224757513118
579	614	0.5321893871839721
579	615	0.08827555489743998
579	616	0.04434666206869137
579	617	0.09932491560661473
579	618	0.6284431524089681
579	619	0.010603264350453171
579	620	0.013706756718079187
579	621	0.08919741302273812
579	622	0.7012112826363491
579	623	0.016265565431706156
579	624	0.09026246807918588
579	625	0.09587369112736524
579	626	0.2707508243361425
579	627	0.3115710946891398
579	628	0.10910713960884083
579	629	0.06263371314994436
579	630	0.010216944903800287
579	631	0.07845273612657022
579	632	0.008520886547940849
579	633	0.3087709478454444
579	634	0.027759461162346958
579	635	0.07156277786611545
579	636	0.018117088368580062
579	637	0.02834607787406583
579	638	0.2565060754094451
579	639	0.15363826252186358
579	640	0.061092004134202585
579	641	0.04423090006360312
579	642	0.11248832695977104
579	643	0.11013650695659087
579	644	0.06396084981714105
579	645	0.005965646605183654
579	646	0.028047416361901733
579	647	0.16258673242963906
579	648	0.702508753895691
579	649	0.11541873394021307
579	650	0.04554978394816346
579	651	0.14139046394498336
579	652	0.14507700425345846
579	653	0.1139383631737955
579	654	0.5997703089521387
580	1	4.013230277905866
580	2	10.379968141516937
580	3	16.668694012203847
580	572	0.07178537994911753
580	573	0.029149720464302756
580	574	0.06894954539672442
580	575	0.08144671183813007
580	576	0.059894904555573225
580	577	0.05541743540308475
580	578	0.04707654873588806
580	579	0.07096657008268406
580	580	0.1606863619414851
580	581	0.16156227214183494
580	582	0.09075852723008428
580	583	0.06487601649705836
580	584	0.3262186686277628
580	585	0.13621284655748134
580	586	0.17031245221815872
580	587	0.3516608822547305
580	588	0.05482635772777867
580	590	0.021053294601685483
580	591	0.05006472519478456
580	592	1.5096788510892034
580	593	0.029146597789791708
580	595	0.4328988209969789
580	596	0.0
580	597	0.12382006666401656
580	598	0.1721815959612021
580	599	0.007264456153601526
580	600	0.30467243754969003
580	601	0.03306867697567181
580	602	0.22256238042614088
580	603	0.10729531924789316
580	604	0.2931368318095087
580	605	0.35387708896485925
580	606	0.012918058355859435
580	607	0.0
580	608	1.2066563009222453
580	609	0.0
580	610	0.2799796658053745
580	611	0.062481148195261564
580	612	0.045928742804897435
580	613	0.01891403951343616
580	614	0.7855944237557639
580	615	0.12977099208936238
580	616	0.06539594180314835
580	617	0.14596852782636352
580	618	0.935588525123231
580	619	0.013991812291302272
580	620	0.01939760796629035
580	621	0.13109188340753694
580	622	1.0472611648910797
580	623	0.023950021307044045
580	624	0.13500258713626967
580	625	0.14383105712354907
580	626	0.4018273174193036
580	627	0.4595461639370329
580	628	0.16142598970424551
580	629	0.0921470021466052
580	630	0.014274414334552394
580	631	0.11762713396406425
580	632	0.011603635434886309
580	633	0.4652405839561139
580	634	0.040110084949912535
580	635	0.10684030096199716
580	636	0.02529767840674193
580	637	0.04081090232946415
580	638	0.3848308231038321
580	639	0.2266671360709175
580	640	0.08995533073620607
580	641	0.06495296811893783
580	642	0.16701423878995073
580	643	0.16185022734138976
580	644	0.092462169224042
580	645	0.008510403283510893
580	646	0.040279824614406115
580	647	0.24254705120050885
580	648	1.0542048777627604
580	649	0.16983892093337571
580	650	0.06693430509619971
580	651	0.21047361520114488
580	652	0.21820178851963745
580	653	0.16835029738432186
580	654	0.8879108615439657
581	1	9.478865987597393
581	2	19.80667386627445
581	3	39.191817454205754
581	572	0.16990070527905868
581	573	0.027651282795356974
581	574	0.0879358525202735
581	575	0.09017213356654476
581	576	0.10294632584671652
581	577	0.08449689569088886
581	578	0.08290923875019876
581	579	0.0930621688265225
581	580	0.16156227214183494
581	581	0.3879548359039593
581	582	0.14940280064398154
581	583	0.10894163785975514
581	584	0.6805489914930832
581	585	0.24088422702337414
581	586	0.3486392485689299
581	587	0.7176425728653205
581	588	0.09088901041501034
581	590	0.035759084115121645
581	591	0.12586943333598347
581	592	3.91850550795039
581	593	0.052573794164414066
581	595	1.1024758494991254
581	596	0.0
581	597	0.2189449850532676
581	598	0.4195429190650342
581	599	0.007020218397201464
581	600	0.6865396194943553
581	601	0.04201647773890922
581	602	0.5218908066465257
581	603	0.22312758451264114
581	604	0.6462218766894579
581	605	0.7930734522579107
581	606	0.01783671680712355
581	607	0.0
581	608	3.1530853459214505
581	609	0.0
581	610	0.7391506627047226
581	611	0.15746688452059154
581	612	0.10968215781523297
581	613	0.03364704090475434
581	614	2.0232947933296237
581	615	0.3281792621243441
581	616	0.14324354821911275
581	617	0.3754119445857847
581	618	2.4734974690332328
581	619	0.023456638734297985
581	620	0.03957833809031643
581	621	0.2917169070996979
581	622	2.5114413100651936
581	623	0.06067668842423279
581	624	0.3316184420019081
581	625	0.33900892037684843
581	626	0.9256871933932262
581	627	1.1995740751311814
581	628	0.4228197198680235
581	629	0.23723649709810785
581	630	0.0308770055652727
581	631	0.3160084151693433
581	632	0.022340059548417883
581	633	1.2653454070201942
581	634	0.0963960699634282
581	635	0.2830001842502783
581	636	0.05482479639052314
581	637	0.09866647738114168
581	638	1.0365225102957545
581	639	0.5906003522022578
581	640	0.2326283217125139
581	641	0.16650613503736686
581	642	0.4414005254014947
581	643	0.4192402426856416
581	644	0.22756891986007316
581	645	0.020182068413102244
581	646	0.09672194335347432
581	647	0.6468461885434886
581	648	2.844551052194308
581	649	0.43853614068214347
581	650	0.1715398863491811
581	651	0.5593762836698999
581	652	0.5898939586182224
581	653	0.4371668479090475
581	654	2.32699139509461
582	1	6.081586379670854
582	2	11.007131220424553
582	3	17.347703525162984
582	572	0.08432113372555257
582	573	0.043416774208936235
582	574	0.0993171089203371
582	575	0.12120482676101133
582	576	0.07255199654158054
582	577	0.06994612466210844
582	578	0.0660954208936238
582	579	0.06870686897757991
582	580	0.09075852723008428
582	581	0.14940280064398154
582	582	1.239833156264907
582	583	0.5343732519080935
582	584	0.5698646782079823
582	585	0.24584236500238515
582	586	0.7115785620130386
582	587	0.7672721310621721
582	588	0.182078689775799
582	590	0.1836964582207028
582	591	0.2866207022976626
582	592	6.4435244298378125
582	593	0.17231051780887266
582	595	1.5487742898712036
582	596	0.0
582	597	0.2096780023453649
582	598	0.5017769909763079
582	599	0.01890221795993004
582	600	0.8783215742168866
582	601	0.03950428609476864
582	602	0.9046214080934968
582	603	0.6107246511369058
582	604	1.507867253776435
582	605	2.4578078140006356
582	606	0.08358485168548259
582	607	0.0
582	608	6.3600749683972015
582	609	0.0
582	610	1.9162702545714743
582	611	0.4014465741771347
582	612	0.2972114759500715
582	613	0.10327286838130068
582	614	4.3209863565352205
582	615	0.7240369180712355
582	616	0.4923569972173637
582	617	0.9515242022976624
582	618	6.026504631777708
582	619	0.110966246183813
582	620	0.141761839163619
582	621	0.9595677657417714
582	622	7.246554083677852
582	623	0.16466554146128162
582	624	0.9588114093655591
582	625	1.0177822253140405
582	626	2.7592614432739704
582	627	2.882523889489585
582	628	0.9966803062092544
582	629	0.5779537434806806
582	630	0.093450718754969
582	631	0.7314653146366673
582	632	0.07922225234536492
582	633	2.8707531909683577
582	634	0.2565756664414056
582	635	0.6620143569327398
582	636	0.1758085824057879
582	637	0.2616738786770552
582	638	2.3622776170694864
582	639	1.4017844244315474
582	640	0.5543195583956114
582	641	0.4015505146287168
582	642	1.0181005150659883
582	643	0.9633589156463668
582	644	0.5650425996183813
582	645	0.05205899896644936
582	646	0.2506858562172047
582	647	1.470785493957704
582	648	6.4259196831372245
582	649	1.0363257818015583
582	650	0.4149124388615042
582	651	1.277558856177453
582	652	1.3355591894975354
582	653	1.0403941805930992
582	654	5.319307405151854
583	1	5.901287614366354
583	2	7.9282812156543185
583	3	12.30823169669264
583	572	0.057491337374781376
583	573	0.031475889926856425
583	574	0.07148002699157259
583	575	0.08576916250596281
583	576	0.05085476184608045
583	577	0.049807327595802205
583	578	0.04616115900779138
583	579	0.04915357338209572
583	580	0.06487601649705836
583	581	0.10894163785975514
583	582	0.5343732519080935
583	583	1.5732420060025438
583	584	0.3863462124344093
583	585	0.17161951454921293
583	586	0.4689971613929083
583	587	0.5179488761726825
583	588	0.12428222249165208
583	590	0.19654068762919386
583	591	0.2713102291699793
583	592	4.409452394577834
583	593	0.1463149216489108
583	595	1.0766131900540628
583	596	0.0
583	597	0.1420219133407537
583	598	0.32731205080298936
583	599	0.013578727063126092
583	600	0.58370102591827
583	601	0.02800102234059469
583	602	0.6282042678088726
583	603	0.4920181870329146
583	604	0.9677451580934964
583	605	1.7304731285975512
583	606	0.1248817759977739
583	607	0.0
583	608	7.676565769041185
583	609	0.0
583	610	2.7170344080537445
583	611	0.5805645224200986
583	612	0.4307374841389728
583	613	0.11039145102560026
583	614	5.498907583558594
583	615	0.9834406123787566
583	616	0.7185802674113532
583	617	1.3504559082525045
583	618	8.601774524089679
583	619	0.2297188812609318
583	620	0.2451484621163937
583	621	1.3689242975035778
583	622	11.123634637660997
583	623	0.22711345547781844
583	624	1.3693351522499604
583	625	1.447159561655271
583	626	4.221658318254096
583	627	4.0612978297026565
583	628	1.4034650924630308
583	629	0.8240530599856893
583	630	0.1359900214262999
583	631	1.060644724797265
583	632	0.11886839708220705
583	633	4.158172338010813
583	634	0.3758488959691525
583	635	0.960774233343934
583	636	0.2555572284544443
583	637	0.3716016125377644
583	638	3.3919012471776115
583	639	1.9568204135792653
583	640	0.7746715313642868
583	641	0.5635715968754971
583	642	1.4186279076959771
583	643	1.308947534266179
583	644	0.7836476592463031
583	645	0.0718627776673557
583	646	0.35346266544760696
583	647	2.0595093418270003
583	648	9.165829912466211
583	649	1.4469559186675147
583	650	0.5881660043727143
583	651	1.7906350218238196
583	652	1.9275143363412308
583	653	1.4465644691127366
583	654	7.414730180434091
584	1	5.325504129670853
584	2	15.918326256559071
584	3	25.83211790395929
584	572	0.14720778351089206
584	573	0.239331142550485
584	574	0.4759937366830975
584	575	0.4996865834393386
584	576	0.18183199848942605
584	577	0.23896913535538244
584	578	0.15820785057242806
584	579	0.20691733502941645
584	580	0.3262186686277628
584	581	0.6805489914930832
584	582	0.5698646782079823
584	583	0.3863462124344093
584	584	0.970326494673239
584	585	0.6417589056686278
584	586	0.4839998280330737
584	587	0.6376610645174114
584	588	0.32357019454603275
584	590	0.13517678776435044
584	591	0.06984731431865161
584	592	1.322457562490062
584	593	0.1597082956749881
584	595	0.4620014782954365
584	596	0.0
584	597	0.3854120866592463
584	598	0.2793560230958817
584	599	0.09426662899507077
584	600	0.4783558169025282
584	601	0.12821924590554934
584	602	0.5415638791143266
584	603	0.3956905928605502
584	604	0.4777872670933376
584	605	0.4857476335665448
584	606	0.10011361396883448
584	607	0.0
584	608	0.9624049385832404
584	609	0.0
584	610	0.2637529107568771
584	611	0.10517301582127524
584	612	0.10889925870567656
584	613	0.10232714410081094
584	614	0.9111339688344728
584	615	0.1900383871044681
584	616	0.11893620372873273
584	617	0.15915179046748293
584	618	0.8408336436635395
584	619	0.08367674753537924
584	620	0.05931230271108285
584	621	0.23150393584035625
584	622	0.9846555558117348
584	623	0.0269810230163778
584	624	0.17859846903323265
584	625	0.1621323832882811
584	626	0.4852379684767053
584	627	0.4571040094212116
584	628	0.1621455431308634
584	629	0.12283664724121485
584	630	0.05120450139131818
584	631	0.1158924882731754
584	632	0.05799141139290825
584	633	0.3864010822865321
584	634	0.09945718317697567
584	635	0.12891002611702973
584	636	0.09428536504213708
584	637	0.0860689392590237
584	638	0.33789412557640325
584	639	0.2274493660359357
584	640	0.10193881722054382
584	641	0.0837122121958976
584	642	0.13985321589282876
584	643	0.13855619072984576
584	644	0.1556773689775799
584	645	0.017784523533153126
584	646	0.0862362253935443
584	647	0.1920397984178725
584	648	0.8420592934091271
584	649	0.19351994613611065
584	650	0.09265644418826524
584	651	0.1704819688344729
584	652	0.19669035295754492
584	653	0.1603618268405152
584	654	0.6973233298219113
585	1	4.529205623787567
585	2	11.563340889092064
585	3	18.54119306900939
585	572	0.10624141660041342
585	573	0.08048537418508507
585	574	0.1723983987915408
585	575	0.17806270730640802
585	576	0.10427814652567977
585	577	0.11073717570360947
585	578	0.09521146108284304
585	579	0.0916821697408173
585	580	0.13621284655748134
585	581	0.24088422702337414
585	582	0.24584236500238515
585	583	0.17161951454921293
585	584	0.6417589056686278
585	585	0.5897121743520433
585	586	0.3566141131737955
585	587	0.7349593643663539
585	588	0.14660533037843854
585	590	0.056819962354905384
585	591	0.08245712009063444
585	592	2.3779579040785497
585	593	0.06886590232946414
585	595	0.6777945695261569
585	596	0.0
585	597	0.2413472750437272
585	598	0.2778881430275084
585	599	0.024077381817459057
585	600	0.5729298062887581
585	601	0.051610672125934176
585	602	0.44700594919701053
585	603	0.2438866785657497
585	604	0.546747295754492
585	605	0.6372727376371443
585	606	0.03527216993957704
585	607	0.0
585	608	1.8340932829941168
585	609	0.0
585	610	0.4606734494355224
585	611	0.10312900230561298
585	612	0.08140544792494832
585	613	0.044225993003657184
585	614	1.2591997605342662
585	615	0.21521495034981716
585	616	0.1209124105978693
585	617	0.23029546080457944
585	618	1.4376748839243123
585	619	0.036915365876927966
585	620	0.04067038197646685
585	621	0.24236102901892195
585	622	1.7873559905390366
585	623	0.04156703565749722
585	624	0.23559954650977896
585	625	0.2465623645253617
585	626	0.7035700171330895
585	627	0.7114917962712674
585	628	0.2487174560343457
585	629	0.1467351444188265
585	630	0.02834250910319606
585	631	0.17713594212116396
585	632	0.02575314278899666
585	633	0.6865380581570998
585	634	0.07103147710287805
585	635	0.16469141505008747
585	636	0.052955875695659085
585	637	0.07176909743202417
585	638	0.5739009580616949
585	639	0.3534809553983145
585	640	0.14194451562251553
585	641	0.10407963364604866
585	642	0.2544616157974241
585	643	0.24912496505803786
585	644	0.15490807580696456
585	645	0.014942889728096681
585	646	0.07031660768802672
585	647	0.3653013936635395
585	648	1.5615442442359675
585	649	0.2664263662346955
585	650	0.1071333862696772
585	651	0.31619979050723485
585	652	0.3246113834472889
585	653	0.2606779685562092
585	654	1.3298266282397841
586	1	5.06753909612021
586	2	12.015413823779616
586	3	19.151085304340924
586	572	0.09572424884719352
586	573	0.11113553975194784
586	574	0.2286085474240738
586	575	0.2589649585387184
586	576	0.10022023099856894
586	577	0.11919761619494355
586	578	0.08772886380982667
586	579	0.1190084713388456
586	580	0.17031245221815872
586	581	0.3486392485689299
586	582	0.7115785620130386
586	583	0.4689971613929083
586	584	0.4839998280330737
586	585	0.3566141131737955
586	586	1.3199732518683416
586	587	0.672309814795675
586	588	0.31680135144697097
586	590	0.16306829344887902
586	591	0.12455434127047225
586	592	3.197626059906185
586	593	0.17175713527587852
586	595	0.973214745547782
586	596	0.0
586	597	0.2536842928923518
586	598	0.4579649753935444
586	599	0.05079386969311497
586	600	0.7654293070042931
586	601	0.07185318659564319
586	602	0.8169088268007632
586	603	0.5051200370885673
586	604	1.0221352335824456
586	605	1.0733691773334393
586	606	0.09854000906344412
586	607	0.0
586	608	2.3520399286850058
586	609	0.0
586	610	0.6902493568134839
586	611	0.18777132540944508
586	612	0.16613386762601368
586	613	0.1082495193591986
586	614	1.7932598527985368
586	615	0.3297249860073144
586	616	0.2208892960327556
586	617	0.3666742552075053
586	618	2.1750929083717603
586	619	0.10003353967244397
586	620	0.08616462692796947
586	621	0.43226692550484974
586	622	2.6211575942518683
586	623	0.06368739274924473
586	624	0.385517588448084
586	625	0.3854214546827795
586	626	1.0967584555175705
586	627	1.0949006872316744
586	628	0.3827285940133566
586	629	0.2462897996501829
586	630	0.06693742777071078
586	631	0.2758974380267133
586	632	0.06931623660359358
586	633	1.0238542659007792
586	634	0.14781112883606298
586	635	0.27076130760057243
586	636	0.12435805887263475
586	637	0.13823344001431073
586	638	0.8624552650262363
586	639	0.5393900515582764
586	640	0.22373204507870886
586	641	0.1705058349896645
586	642	0.37030302603752585
586	643	0.3589126246621085
586	644	0.27362591536810305
586	645	0.028223624423596758
586	646	0.13585574642232467
586	647	0.5258106553506122
586	648	2.2845627243202418
586	649	0.42112276931944653
586	650	0.18098597674511047
586	651	0.4593204391795198
586	652	0.492045621958976
586	653	0.3930376578152329
586	654	1.885248713785976
