$OR;D2
* From-Time To-Time
0.00  8.00
* Factor
1
*To From Factor
1	1	0.0
1	2	0.0
1	3	0.0
1	572	7.949827
1	573	9.350748
1	574	18.909039
1	575	20.464432000000002
1	576	7.605855
1	577	9.252369
1	578	5.860951999999999
1	579	11.401242
1	580	17.992661
1	581	42.496944
1	582	27.265796999999996
1	583	26.457457
1	584	23.876026
1	585	20.305951999999998
1	586	22.719482
1	587	28.420307
1	588	11.633803
1	590	8.248812
1	591	8.216507
1	592	137.26091
1	593	10.508247
1	595	38.593841999999995
1	596	0.0
1	597	15.896494
1	598	17.442009
1	599	2.663348
1	600	26.210321
1	601	6.592809
1	602	28.7537
1	603	21.081591
1	604	29.889647999999998
1	605	38.433514
1	606	12.683178999999999
1	607	0.0
1	608	248.80352799999997
1	609	0.0
1	610	89.70039399999999
1	611	26.194902
1	612	25.950232999999997
1	613	7.906706
1	614	151.429474
1	615	26.232198999999998
1	616	14.088982999999999
1	617	31.053428999999998
1	618	238.81187400000002
1	619	7.82423
1	620	8.740086
1	621	34.899113
1	622	336.149689
1	623	9.309768
1	624	42.447598
1	625	40.86776
1	626	133.639084
1	627	183.103104
1	628	85.007637
1	629	45.719048
1	630	14.028645999999998
1	631	50.609646000000005
1	632	11.974675999999999
1	633	206.693695
1	634	28.578598
1	635	59.131648999999996
1	636	19.982395
1	637	24.685593
1	638	187.8853
1	639	107.43906399999999
1	640	48.641521000000004
1	641	36.24791
1	642	81.013283
1	643	81.59142299999999
1	644	59.273621
1	645	6.025696
1	646	28.801340000000003
1	647	116.806564
1	648	527.781616
1	649	93.386177
1	650	42.092995
1	651	109.13726000000001
1	652	118.445641
1	653	83.96686600000001
1	654	329.078888
2	1	0.0
2	2	0.0
2	3	0.0
2	572	20.940048
2	573	21.80167
2	574	45.613953
2	575	48.761837
2	576	20.373772
2	577	23.743648999999998
2	578	15.5288
2	579	29.124527
2	580	46.536888
2	581	88.79998
2	582	49.348671
2	583	35.545151000000004
2	584	71.36721
2	585	51.842346
2	586	53.869141000000006
2	587	80.745316
2	588	26.565865000000002
2	590	12.112043
2	591	13.125804
2	592	325.73761
2	593	16.490316
2	595	98.720398
2	596	0.0
2	597	41.438159999999996
2	598	45.674263
2	599	5.992383
2	600	71.328056
2	601	16.334642000000002
2	602	66.847
2	603	39.940792
2	604	72.28469100000001
2	605	83.197983
2	606	9.970880000000001
2	607	0.0
2	608	272.109833
2	609	0.0
2	610	65.843239
2	611	18.877234
2	612	16.504442
2	613	10.828603
2	614	194.834915
2	615	35.061249
2	616	18.171947
2	617	35.789814
2	618	219.447739
2	619	7.895505
2	620	7.1598820000000005
2	621	36.307705
2	622	236.41665600000002
2	623	5.875043
2	624	34.220543
2	625	34.153766999999995
2	626	98.551468
2	627	113.057381
2	628	40.354637
2	629	25.35445
2	630	6.594927
2	631	29.344128
2	632	6.715096000000001
2	633	110.49986299999999
2	634	14.982337
2	635	28.780365000000003
2	636	11.476647
2	637	13.720564000000001
2	638	93.065979
2	639	56.571751
2	640	23.534971
2	641	17.796696
2	642	39.731434
2	643	39.210407000000004
2	644	28.508307000000002
2	645	2.915104
2	646	13.880935000000001
2	647	57.076893000000005
2	648	248.363144
2	649	44.605125
2	650	18.795723000000002
2	651	49.727901
2	652	53.391125
2	653	40.934353
2	654	202.831573
3	1	0.0
3	2	0.0
3	3	0.0
3	572	38.137405
3	573	33.834393
3	574	76.29592099999999
3	575	59.563725
3	576	32.558113
3	577	37.900215
3	578	24.886067999999998
3	579	39.549694
3	580	74.73136099999999
3	581	175.710098
3	582	77.775589
3	583	55.18194200000001
3	584	115.814072
3	585	83.12640400000001
3	586	85.86075600000001
3	587	131.306976
3	588	41.893452
3	590	19.646582000000002
3	591	22.24085
3	592	563.5443730000001
3	593	27.158676
3	595	169.253586
3	596	0.0
3	597	58.616257
3	598	77.47440300000001
3	599	9.421277
3	600	116.410698
3	601	20.076073
3	602	112.129051
3	603	65.309929
3	604	115.787544
3	605	133.354431
3	606	16.244032
3	607	0.0
3	608	462.791016
3	609	0.0
3	610	112.13463600000001
3	611	31.868183000000002
3	612	27.594107
3	613	17.551716
3	614	333.83255
3	615	59.940059999999995
3	616	28.77335
3	617	60.700511999999996
3	618	375.866394
3	619	12.250869
3	620	11.127701
3	621	57.191508999999996
3	622	380.090851
3	623	9.806989999999999
3	624	56.802017000000006
3	625	54.595867000000005
3	626	154.919678
3	627	191.189301
3	628	68.28227199999999
3	629	42.798969
3	630	10.851961
3	631	50.552387
3	632	11.088754
3	633	191.184143
3	634	25.12332
3	635	49.310188000000004
3	636	18.8755
3	637	22.778944
3	638	160.085297
3	639	95.366646
3	640	39.600708000000004
3	641	29.86768
3	642	67.302818
3	643	65.347565
3	644	47.116642
3	645	4.767136
3	646	22.939604
3	647	97.128357
3	648	427.13439900000003
3	649	74.953835
3	650	31.64204
3	651	84.54805
3	652	92.13675699999999
3	653	69.065598
3	654	343.854645
572	1	7.949827
572	2	20.940048
572	3	38.137405
572	572	0.444144
572	573	0.236002
572	574	0.5541159999999999
572	575	0.303061
572	576	0.190548
572	577	0.205301
572	578	0.144814
572	579	0.20113699999999998
572	580	0.321838
572	581	0.761722
572	582	0.37804
572	583	0.257753
572	584	0.659982
572	585	0.47631599999999996
572	586	0.42916400000000005
572	587	0.716971
572	588	0.21461599999999997
572	590	0.08998300000000001
572	591	0.088351
572	592	2.233182
572	593	0.11399000000000001
572	595	0.686271
572	596	0.0
572	597	0.313467
572	598	0.324885
572	599	0.043386
572	600	0.578882
572	601	0.099874
572	602	0.504374
572	603	0.310506
572	604	0.571148
572	605	0.647642
572	606	0.06658
572	607	0.0
572	608	1.7616330000000002
572	609	0.0
572	610	0.460614
572	611	0.12436300000000002
572	612	0.10838699999999998
572	613	0.07234600000000001
572	614	1.3038020000000001
572	615	0.236661
572	616	0.135389
572	617	0.236145
572	618	1.454956
572	619	0.05616
572	620	0.051045
572	621	0.26854
572	622	1.7000810000000002
572	623	0.041003
572	624	0.25098000000000004
572	625	0.252693
572	626	0.704431
572	627	0.730526
572	628	0.259247
572	629	0.16453099999999998
572	630	0.042792000000000004
572	631	0.19326400000000002
572	632	0.044402
572	633	0.727015
572	634	0.098229
572	635	0.188829
572	636	0.076088
572	637	0.088994
572	638	0.607046
572	639	0.363048
572	640	0.150729
572	641	0.114293
572	642	0.25443699999999997
572	643	0.24154
572	644	0.17869300000000002
572	645	0.018087
572	646	0.08819099999999999
572	647	0.366569
572	648	1.610618
572	649	0.28308099999999997
572	650	0.12097000000000001
572	651	0.317273
572	652	0.349319
572	653	0.261734
572	654	1.300884
573	1	9.350748
573	2	21.80167
573	3	33.834393
573	572	0.236002
573	573	0.058689
573	574	0.11764200000000001
573	575	0.095525
573	576	0.156092
573	577	0.112881
573	578	0.12681900000000002
573	579	0.10635399999999999
573	580	0.130688
573	581	0.12397000000000001
573	582	0.194652
573	583	0.14111700000000002
573	584	1.073002
573	585	0.36084299999999997
573	586	0.498258
573	587	1.117174
573	588	0.125164
573	590	0.042956
573	591	0.144057
573	592	4.5274779999999994
573	593	0.05511799999999999
573	595	1.2713079999999999
573	596	0.0
573	597	0.317551
573	598	0.48032600000000003
573	599	0.005973
573	600	0.9800559999999999
573	601	0.046947
573	602	0.655302
573	603	0.293634
573	604	0.932366
573	605	1.142662
573	606	0.016784999999999998
573	607	0.0
573	608	3.632129
573	609	0.0
573	610	0.9196639999999999
573	611	0.17969300000000002
573	612	0.12365899999999999
573	613	0.035257
573	614	2.3215310000000002
573	615	0.37496599999999997
573	616	0.203049
573	617	0.43212399999999995
573	618	2.87798
573	619	0.030139
573	620	0.054412
573	621	0.41221499999999994
573	622	3.435278
573	623	0.077394
573	624	0.44142
573	625	0.476112
573	626	1.292629
573	627	1.383057
573	628	0.487095
573	629	0.27210500000000004
573	630	0.033963
573	631	0.364196
573	632	0.023679
573	633	1.461241
573	634	0.108421
573	635	0.324988
573	636	0.063587
573	637	0.113364
573	638	1.195928
573	639	0.686045
573	640	0.269615
573	641	0.19254100000000002
573	642	0.513658
573	643	0.483388
573	644	0.259265
573	645	0.022835
573	646	0.10948900000000002
573	647	0.753037
573	648	3.285101
573	649	0.503965
573	650	0.196521
573	651	0.6458470000000001
573	652	0.6802739999999999
573	653	0.5040899999999999
573	654	2.679097
574	1	18.909039
574	2	45.613953
574	3	76.29592099999999
574	572	0.5541159999999999
574	573	0.11764200000000001
574	574	0.609449
574	575	0.241825
574	576	0.33011399999999996
574	577	0.253722
574	578	0.266362
574	579	0.241116
574	580	0.30912399999999995
574	581	0.394246
574	582	0.445272
574	583	0.320469
574	584	2.13404
574	585	0.7729199999999999
574	586	1.024929
574	587	2.242449
574	588	0.279479
574	590	0.09970599999999999
574	591	0.288127
574	592	8.945224000000001
574	593	0.127089
574	595	2.522707
574	596	0.0
574	597	0.654518
574	598	0.965859
574	599	0.020303
574	600	1.958377
574	601	0.10864800000000001
574	602	1.335021
574	603	0.615175
574	604	1.870526
574	605	2.2850099999999998
574	606	0.045326
574	607	0.0
574	608	7.1735
574	609	0.0
574	610	1.797623
574	611	0.355417
574	612	0.24989899999999998
574	613	0.081696
574	614	4.611596
574	615	0.74946
574	616	0.411376
574	617	0.853512
574	618	5.61104
574	619	0.06874
574	620	0.11328099999999999
574	621	0.8236110000000001
574	622	6.823978
574	623	0.154365
574	624	0.868237
574	625	0.934341
574	626	2.582764
574	627	2.718356
574	628	0.9556620000000001
574	629	0.535412
574	630	0.071493
574	631	0.701056
574	632	0.052374000000000004
574	633	2.800027
574	634	0.21749899999999997
574	635	0.628629
574	636	0.133353
574	637	0.228975
574	638	2.306347
574	639	1.352207
574	640	0.5326489999999999
574	641	0.381183
574	642	1.00714
574	643	0.96257
574	644	0.523654
574	645	0.046903
574	646	0.222244
574	647	1.468854
574	648	6.343303
574	649	0.9965459999999999
574	650	0.387754
574	651	1.261368
574	652	1.307668
574	653	0.996286
574	654	5.268909
575	1	20.464432000000002
575	2	48.761837
575	3	59.563725
575	572	0.303061
575	573	0.095525
575	574	0.241825
575	575	0.741681
575	576	0.251322
575	577	0.219183
575	578	0.266571
575	579	0.316623
575	580	0.365153
575	581	0.40427199999999996
575	582	0.543402
575	583	0.38453200000000004
575	584	2.240263
575	585	0.798315
575	586	1.161027
575	587	2.16958
575	588	0.341197
575	590	0.121999
575	591	0.347456
575	592	10.834469
575	593	0.164722
575	595	3.1072900000000003
575	596	0.0
575	597	0.899561
575	598	1.210621
575	599	0.036358
575	600	2.150532
575	601	0.175394
575	602	1.5221069999999999
575	603	0.687446
575	604	2.0550040000000003
575	605	2.496645
575	606	0.062953
575	607	0.0
575	608	8.553989999999999
575	609	0.0
575	610	1.978172
575	611	0.419105
575	612	0.298735
575	613	0.1081
575	614	5.4412519999999995
575	615	0.884229
575	616	0.448046
575	617	1.02029
575	618	6.515572
575	619	0.082278
575	620	0.126289
575	621	0.9004540000000001
575	622	7.3057669999999995
575	623	0.16739400000000002
575	624	0.940255
575	625	1.0087059999999999
575	626	2.7734080000000003
575	627	3.205127
575	628	1.1189
575	629	0.627999
575	630	0.087568
575	631	0.8030109999999999
575	632	0.065845
575	633	3.191297
575	634	0.256349
575	635	0.720672
575	636	0.156185
575	637	0.270393
575	638	2.643472
575	639	1.5767719999999998
575	640	0.6207239999999999
575	641	0.44455200000000006
575	642	1.165267
575	643	1.140409
575	644	0.626131
575	645	0.056736
575	646	0.265828
575	647	1.686884
575	648	7.278550999999999
575	649	1.171759
575	650	0.45455
575	651	1.466541
575	652	1.4908649999999999
575	653	1.1747459999999998
575	654	6.259015
576	1	7.605855
576	2	20.373772
576	3	32.558113
576	572	0.190548
576	573	0.156092
576	574	0.33011399999999996
576	575	0.251322
576	576	0.319248
576	577	0.19023299999999999
576	578	0.147956
576	579	0.182567
576	580	0.268529
576	581	0.46154300000000004
576	582	0.325275
576	583	0.22799899999999998
576	584	0.815214
576	585	0.46751400000000004
576	586	0.449321
576	587	0.849972
576	588	0.189917
576	590	0.075961
576	591	0.104895
576	592	2.933337
576	593	0.097352
576	595	0.870109
576	596	0.0
576	597	0.32271
576	598	0.378029
576	599	0.03277
576	600	0.70015
576	601	0.086454
576	602	0.558257
576	603	0.311422
576	604	0.6767029999999999
576	605	0.789563
576	606	0.051739999999999994
576	607	0.0
576	608	2.2950470000000003
576	609	0.0
576	610	0.576101
576	611	0.133748
576	612	0.107797
576	613	0.062280999999999996
576	614	1.593523
576	615	0.27554
576	616	0.153271
576	617	0.288826
576	618	1.802385
576	619	0.049313
576	620	0.052514
576	621	0.306309
576	622	2.214315
576	623	0.051796
576	624	0.296942
576	625	0.309023
576	626	0.878877
576	627	0.895699
576	628	0.314469
576	629	0.188001
576	630	0.038683999999999996
576	631	0.225913
576	632	0.036218
576	633	0.871376
576	634	0.094983
576	635	0.212125
576	636	0.070105
576	637	0.093582
576	638	0.728425
576	639	0.445734
576	640	0.180239
576	641	0.132981
576	642	0.319816
576	643	0.31145900000000004
576	644	0.199975
576	645	0.019488
576	646	0.092269
576	647	0.459787
576	648	1.973944
576	649	0.338429
576	650	0.13764200000000001
576	651	0.39760500000000004
576	652	0.41350200000000004
576	653	0.327077
576	654	1.673718
577	1	9.252369
577	2	23.743648999999998
577	3	37.900215
577	572	0.205301
577	573	0.112881
577	574	0.253722
577	575	0.219183
577	576	0.19023299999999999
577	577	0.320492
577	578	0.16330799999999998
577	579	0.176989
577	580	0.248455
577	581	0.378828
577	582	0.313592
577	583	0.22330300000000003
577	584	1.071379
577	585	0.496472
577	586	0.534403
577	587	1.092554
577	588	0.188409
577	590	0.07207999999999999
577	591	0.13784200000000002
577	592	4.097716999999999
577	593	0.09238099999999999
577	595	1.185675
577	596	0.0
577	597	0.369632
577	598	0.483018
577	599	0.025508000000000003
577	600	0.9243020000000001
577	601	0.083284
577	602	0.685455
577	603	0.350773
577	604	0.8860790000000001
577	605	1.054984
577	606	0.043314
577	607	0.0
577	608	3.2214
577	609	0.0
577	610	0.797268
577	611	0.168414
577	612	0.127083
577	613	0.059336
577	614	2.14526
577	615	0.358666
577	616	0.19584100000000002
577	617	0.39110700000000004
577	618	2.484754
577	619	0.048072000000000004
577	620	0.061237
577	621	0.394752
577	622	3.0964720000000003
577	623	0.07106799999999999
577	624	0.39655799999999997
577	625	0.421012
577	626	1.196377
577	627	1.2222959999999998
577	628	0.42776099999999995
577	629	0.246011
577	630	0.041232
577	631	0.305204
577	632	0.034861
577	633	1.198189
577	634	0.110199
577	635	0.27920100000000003
577	636	0.075891
577	637	0.114041
577	638	0.9981450000000001
577	639	0.608459
577	640	0.242181
577	641	0.175514
577	642	0.44437299999999996
577	643	0.43447399999999997
577	644	0.254002
577	645	0.023853
577	646	0.111696
577	647	0.640784
577	648	2.734184
577	649	0.454086
577	650	0.17915
577	651	0.552959
577	652	0.563872
577	653	0.449705
577	654	2.3434150000000002
578	1	5.860951999999999
578	2	15.5288
578	3	24.886067999999998
578	572	0.144814
578	573	0.12681900000000002
578	574	0.266362
578	575	0.266571
578	576	0.147956
578	577	0.16330799999999998
578	578	0.22195399999999998
578	579	0.142327
578	580	0.21106
578	581	0.37171
578	582	0.29632800000000004
578	583	0.206956
578	584	0.709299
578	585	0.42686499999999994
578	586	0.393318
578	587	0.7357319999999999
578	588	0.1731
578	590	0.069189
578	591	0.09639500000000001
578	592	2.7060299999999997
578	593	0.090793
578	595	0.807376
578	596	0.0
578	597	0.326787
578	598	0.354167
578	599	0.034348000000000004
578	600	0.599282
578	601	0.075892
578	602	0.48487700000000006
578	603	0.274435
578	604	0.578141
578	605	0.669392
578	606	0.048503
578	607	0.0
578	608	2.0839060000000003
578	609	0.0
578	610	0.48267299999999996
578	611	0.121802
578	612	0.098816
578	613	0.058567999999999995
578	614	1.45648
578	615	0.252442
578	616	0.130771
578	617	0.262995
578	618	1.617948
578	619	0.044715
578	620	0.045926
578	621	0.26121500000000003
578	622	1.851336
578	623	0.043509
578	624	0.250104
578	625	0.25906399999999996
578	626	0.73966
578	627	0.809247
578	628	0.283524
578	629	0.17034100000000002
578	630	0.035791
578	631	0.20325
578	632	0.033780000000000004
578	633	0.7816390000000001
578	634	0.086953
578	635	0.191245
578	636	0.063069
578	637	0.084638
578	638	0.653879
578	639	0.398584
578	640	0.161384
578	641	0.11933900000000001
578	642	0.284762
578	643	0.279831
578	644	0.18175
578	645	0.017797
578	646	0.084226
578	647	0.408589
578	648	1.769461
578	649	0.30542800000000003
578	650	0.12465899999999999
578	651	0.35687800000000003
578	652	0.370963
578	653	0.295161
578	654	1.5155809999999998
579	1	11.401242
579	2	29.124527
579	3	39.549694
579	572	0.20113699999999998
579	573	0.10635399999999999
579	574	0.241116
579	575	0.316623
579	576	0.182567
579	577	0.176989
579	578	0.142327
579	579	0.39065300000000003
579	580	0.31816700000000003
579	581	0.417229
579	582	0.30803600000000003
579	583	0.22037199999999998
579	584	0.92768
579	585	0.411042
579	586	0.533555
579	587	0.9830209999999999
579	588	0.18423599999999998
579	590	0.070897
579	591	0.154139
579	592	4.609191
579	593	0.09761399999999999
579	595	1.335582
579	596	0.0
579	597	0.427971
579	598	0.539237
579	599	0.027882
579	600	0.9277690000000001
579	601	0.12313900000000001
579	602	0.701326
579	603	0.340204
579	604	0.8925040000000001
579	605	1.0679809999999998
579	606	0.045237
579	607	0.0
579	608	3.667124
579	609	0.0
579	610	0.8492639999999999
579	611	0.19159400000000001
579	612	0.14323
579	613	0.063902
579	614	2.385984
579	615	0.395769
579	616	0.198821
579	617	0.44530699999999995
579	618	2.8175220000000003
579	619	0.047538
579	620	0.061452
579	621	0.399902
579	622	3.143766
579	623	0.072924
579	624	0.404677
579	625	0.429834
579	626	1.213867
579	627	1.396878
579	628	0.48916400000000004
579	629	0.280808
579	630	0.045806
579	631	0.35173000000000004
579	632	0.038202
579	633	1.3843239999999999
579	634	0.124455
579	635	0.32084
579	636	0.081225
579	637	0.127085
579	638	1.150003
579	639	0.688812
579	640	0.27389600000000003
579	641	0.198302
579	642	0.504323
579	643	0.493779
579	644	0.286758
579	645	0.026746
579	646	0.125746
579	647	0.728931
579	648	3.1495830000000002
579	649	0.517461
579	650	0.204215
579	651	0.633901
579	652	0.650429
579	653	0.510824
579	654	2.688972
580	1	17.992661
580	2	46.536888
580	3	74.73136099999999
580	572	0.321838
580	573	0.130688
580	574	0.30912399999999995
580	575	0.365153
580	576	0.268529
580	577	0.248455
580	578	0.21106
580	579	0.31816700000000003
580	580	0.7204109999999999
580	581	0.724338
580	582	0.406901
580	583	0.29086100000000004
580	584	1.462548
580	585	0.610688
580	586	0.763568
580	587	1.576614
580	588	0.24580500000000002
580	590	0.094389
580	591	0.22445700000000002
580	592	6.7683979999999995
580	593	0.130674
580	595	1.9408310000000002
580	596	0.0
580	597	0.555127
580	598	0.771948
580	599	0.032569
580	600	1.365949
580	601	0.148258
580	602	0.997822
580	603	0.481041
580	604	1.314231
580	605	1.58655
580	606	0.057915999999999995
580	607	0.0
580	608	5.409846
580	609	0.0
580	610	1.255243
580	611	0.280124
580	612	0.20591399999999999
580	613	0.084798
580	614	3.5220839999999995
580	615	0.581807
580	616	0.293192
580	617	0.6544260000000001
580	618	4.194558
580	619	0.06273
580	620	0.086966
580	621	0.587729
580	622	4.695224
580	623	0.107376
580	624	0.605262
580	625	0.644843
580	626	1.801527
580	627	2.0603
580	628	0.723727
580	629	0.41312600000000005
580	630	0.063997
580	631	0.527362
580	632	0.052023
580	633	2.08583
580	634	0.179827
580	635	0.479001
580	636	0.113418
580	637	0.182969
580	638	1.725326
580	639	1.016225
580	640	0.4033
580	641	0.291206
580	642	0.748781
580	643	0.725629
580	644	0.41453900000000005
580	645	0.038155
580	646	0.180588
580	647	1.08742
580	648	4.726355
580	649	0.7614449999999999
580	650	0.300089
580	651	0.943624
580	652	0.9782719999999999
580	653	0.754771
580	654	3.980803
581	1	42.496944
581	2	88.79998
581	3	175.710098
581	572	0.761722
581	573	0.12397000000000001
581	574	0.394246
581	575	0.40427199999999996
581	576	0.46154300000000004
581	577	0.378828
581	578	0.37171
581	579	0.417229
581	580	0.724338
581	581	1.7393319999999999
581	582	0.669823
581	583	0.488422
581	584	3.05113
581	585	1.079965
581	586	1.563067
581	587	3.217433
581	588	0.407486
581	590	0.16032000000000002
581	591	0.564315
581	592	17.567978
581	593	0.235706
581	595	4.942769999999999
581	596	0.0
581	597	0.981604
581	598	1.880952
581	599	0.031474
581	600	3.077988
581	601	0.188374
581	602	2.339812
581	603	1.000356
581	604	2.89723
581	605	3.555615
581	606	0.079968
581	607	0.0
581	608	14.136342
581	609	0.0
581	610	3.313861
581	611	0.7059770000000001
581	612	0.491742
581	613	0.150851
581	614	9.071111
581	615	1.4713379999999998
581	616	0.642209
581	617	1.683098
581	618	11.089521000000001
581	619	0.10516400000000001
581	620	0.17744300000000002
581	621	1.307865
581	622	11.259636
581	623	0.272034
581	624	1.4867569999999999
581	625	1.5198909999999999
581	626	4.150167
581	627	5.378094
581	628	1.895643
581	629	1.063611
581	630	0.138432
581	631	1.416772
581	632	0.10015800000000001
581	633	5.672969
581	634	0.432176
581	635	1.268785
581	636	0.245798
581	637	0.442355
581	638	4.647079
581	639	2.6478599999999997
581	640	1.042951
581	641	0.746503
581	642	1.978947
581	643	1.8795950000000001
581	644	1.020268
581	645	0.09048300000000001
581	646	0.433637
581	647	2.900029
581	648	12.753079
581	649	1.966105
581	650	0.769071
581	651	2.5078720000000003
581	652	2.644693
581	653	1.9599659999999999
581	654	10.432685000000001
582	1	27.265796999999996
582	2	49.348671
582	3	77.775589
582	572	0.37804
582	573	0.194652
582	574	0.445272
582	575	0.543402
582	576	0.325275
582	577	0.313592
582	578	0.29632800000000004
582	579	0.30803600000000003
582	580	0.406901
582	581	0.669823
582	582	5.558589
582	583	2.395775
582	584	2.554895
582	585	1.1021940000000001
582	586	3.1902459999999997
582	587	3.439939
582	588	0.8163199999999999
582	590	0.823573
582	591	1.285017
582	592	28.888486999999998
582	593	0.772526
582	595	6.943675999999999
582	596	0.0
582	597	0.9400569999999999
582	598	2.249635
582	599	0.084745
582	600	3.937811
582	601	0.177111
582	602	4.055722
582	603	2.738084
582	604	6.760275999999999
582	605	11.019179
582	606	0.374739
582	607	0.0
582	608	28.514355
582	609	0.0
582	610	8.591284
582	611	1.79982
582	612	1.3324989999999999
582	613	0.46300699999999995
582	614	19.372435
582	615	3.246101
582	616	2.207402
582	617	4.2660029999999995
582	618	27.018846999999997
582	619	0.49749899999999997
582	620	0.635566
582	621	4.302065
582	622	32.488739
582	623	0.738251
582	624	4.298674
582	625	4.56306
582	626	12.370697
582	627	12.923324000000001
582	628	4.468453
582	629	2.591161
582	630	0.418971
582	631	3.279405
582	632	0.35518
582	633	12.870552
582	634	1.150315
582	635	2.968033
582	636	0.788209
582	637	1.1731719999999999
582	638	10.590885
582	639	6.284671
582	640	2.485201
582	641	1.800286
582	642	4.564487000000001
582	643	4.319062000000001
582	644	2.533276
582	645	0.233398
582	646	1.123909
582	647	6.5940259999999995
582	648	28.809559000000004
582	649	4.646197
582	650	1.8601919999999998
582	651	5.7277260000000005
582	652	5.987761
582	653	4.664437
582	654	23.848244
583	1	26.457457
583	2	35.545151000000004
583	3	55.18194200000001
583	572	0.257753
583	573	0.14111700000000002
583	574	0.320469
583	575	0.38453200000000004
583	576	0.22799899999999998
583	577	0.22330300000000003
583	578	0.206956
583	579	0.22037199999999998
583	580	0.29086100000000004
583	581	0.488422
583	582	2.395775
583	583	7.053373
583	584	1.73212
583	585	0.769428
583	586	2.102672
583	587	2.322139
583	588	0.557199
583	590	0.881158
583	591	1.216375
583	592	19.769057999999998
583	593	0.655979
583	595	4.826819
583	596	0.0
583	597	0.636732
583	598	1.46745
583	599	0.060877999999999995
583	600	2.6169279999999997
583	601	0.125538
583	602	2.816451
583	603	2.205883
583	604	4.338727
583	605	7.758292999999999
583	606	0.559887
583	607	0.0
583	608	34.416626
583	609	0.0
583	610	12.181379
583	611	2.602866
583	612	1.931141
583	613	0.49492200000000003
583	614	24.653451999999998
583	615	4.409095
583	616	3.221637
583	617	6.0545480000000005
583	618	38.564648
583	619	1.029907
583	620	1.099083
583	621	6.137348
583	622	49.870995
583	623	1.018226
583	624	6.13919
583	625	6.488103
583	626	18.927114000000003
583	627	18.208164
583	628	6.292206
583	629	3.6945069999999998
583	630	0.609689
583	631	4.755227
583	632	0.532927
583	633	18.642485
583	634	1.685057
583	635	4.307474
583	636	1.145749
583	637	1.6660150000000002
583	638	15.207034
583	639	8.773083999999999
583	640	3.4731129999999997
583	641	2.526681
583	642	6.360186
583	643	5.868452
583	644	3.513356
583	645	0.322185
583	646	1.584692
583	647	9.233473
583	648	41.093498
583	649	6.48719
583	650	2.636946
583	651	8.028019
583	652	8.641695
583	653	6.485435
583	654	33.242729
584	1	23.876026
584	2	71.36721
584	3	115.814072
584	572	0.659982
584	573	1.073002
584	574	2.13404
584	575	2.240263
584	576	0.815214
584	577	1.071379
584	578	0.709299
584	579	0.92768
584	580	1.462548
584	581	3.05113
584	582	2.554895
584	583	1.73212
584	584	4.3503
584	585	2.877221
584	586	2.169934
584	587	2.858849
584	588	1.450674
584	590	0.606043
584	591	0.31314899999999996
584	592	5.929022
584	593	0.716026
584	595	2.071308
584	596	0.0
584	597	1.727932
584	598	1.2524469999999999
584	599	0.422629
584	600	2.14463
584	601	0.57485
584	602	2.428013
584	603	1.774014
584	604	2.142081
584	605	2.17777
584	606	0.44884300000000005
584	607	0.0
584	608	4.314785
584	609	0.0
584	610	1.182493
584	611	0.471526
584	612	0.48823199999999994
584	613	0.458767
584	614	4.084919999999999
584	615	0.8520059999999999
584	616	0.533231
584	617	0.713531
584	618	3.76974
584	619	0.375151
584	620	0.265917
584	621	1.03791
584	622	4.414542
584	623	0.120965
584	624	0.800717
584	625	0.7268939999999999
584	626	2.1754849999999997
584	627	2.0493509999999997
584	628	0.726953
584	629	0.550718
584	630	0.22956700000000002
584	631	0.5195850000000001
584	632	0.259995
584	633	1.732366
584	634	0.4459
584	635	0.577947
584	636	0.422713
584	637	0.385876
584	638	1.514893
584	639	1.0197319999999999
584	640	0.45702600000000004
584	641	0.37531
584	642	0.627009
584	643	0.6211939999999999
584	644	0.697954
584	645	0.079734
584	646	0.386626
584	647	0.860979
584	648	3.775235
584	649	0.8676149999999999
584	650	0.41541000000000006
584	651	0.764328
584	652	0.8818290000000001
584	653	0.718956
584	654	3.1263349999999996
585	1	20.305951999999998
585	2	51.842346
585	3	83.12640400000001
585	572	0.47631599999999996
585	573	0.36084299999999997
585	574	0.7729199999999999
585	575	0.798315
585	576	0.46751400000000004
585	577	0.496472
585	578	0.42686499999999994
585	579	0.411042
585	580	0.610688
585	581	1.079965
585	582	1.1021940000000001
585	583	0.769428
585	584	2.877221
585	585	2.643878
585	586	1.5988209999999998
585	587	3.2950699999999995
585	588	0.657281
585	590	0.254743
585	591	0.369683
585	592	10.661185000000001
585	593	0.308749
585	595	3.038781
585	596	0.0
585	597	1.082041
585	598	1.245866
585	599	0.107947
585	600	2.568637
585	601	0.231388
585	602	2.004078
585	603	1.093426
585	604	2.451252
585	605	2.857108
585	606	0.158137
585	607	0.0
585	608	8.222857000000001
585	609	0.0
585	610	2.065354
585	611	0.462362
585	612	0.36496799999999996
585	613	0.19827999999999998
585	614	5.645416
585	615	0.964881
585	616	0.542091
585	617	1.032492
585	618	6.4455800000000005
585	619	0.16550399999999998
585	620	0.182339
585	621	1.086586
585	622	8.013318
585	623	0.186359
585	624	1.0562719999999999
585	625	1.105422
585	626	3.154341
585	627	3.189857
585	628	1.115084
585	629	0.657863
585	630	0.12706900000000002
585	631	0.7941600000000001
585	632	0.11546
585	633	3.0779810000000003
585	634	0.318458
585	635	0.738367
585	636	0.23741900000000002
585	637	0.321765
585	638	2.572991
585	639	1.584774
585	640	0.6363850000000001
585	641	0.466624
585	642	1.140837
585	643	1.116911
585	644	0.694505
585	645	0.06699400000000001
585	646	0.315253
585	647	1.637769
585	648	7.000928
585	649	1.194479
585	650	0.48031499999999994
585	651	1.41763
585	652	1.455342
585	653	1.168707
585	654	5.96206
586	1	22.719482
586	2	53.869141000000006
586	3	85.86075600000001
586	572	0.42916400000000005
586	573	0.498258
586	574	1.024929
586	575	1.161027
586	576	0.449321
586	577	0.534403
586	578	0.393318
586	579	0.533555
586	580	0.763568
586	581	1.563067
586	582	3.1902459999999997
586	583	2.102672
586	584	2.169934
586	585	1.5988209999999998
586	586	5.917884
586	587	3.014191
586	588	1.4203270000000001
586	590	0.73109
586	591	0.558419
586	592	14.336032999999999
586	593	0.770045
586	595	4.363249
586	596	0.0
586	597	1.1373520000000001
586	598	2.053211
586	599	0.227726
586	600	3.4316769999999996
586	601	0.322142
586	602	3.6624769999999995
586	603	2.264623
586	604	4.582576
586	605	4.812275
586	606	0.441788
586	607	0.0
586	608	10.544986
586	609	0.0
586	610	3.09462
586	611	0.841842
586	612	0.744834
586	613	0.48531899999999994
586	614	8.039786999999999
586	615	1.4782680000000001
586	616	0.9903209999999999
586	617	1.6439240000000002
586	618	9.751673
586	619	0.448484
586	620	0.386305
586	621	1.9379979999999999
586	622	11.751531
586	623	0.285532
586	624	1.728405
586	625	1.7279740000000001
586	626	4.917137
586	627	4.9088080000000005
586	628	1.715901
586	629	1.1042
586	630	0.300103
586	631	1.236941
586	632	0.310768
586	633	4.590283
586	634	0.662687
586	635	1.213914
586	636	0.557539
586	637	0.619747
586	638	3.8666769999999997
586	639	2.4182669999999997
586	640	1.003066
586	641	0.7644350000000001
586	642	1.660193
586	643	1.609126
586	644	1.2267569999999999
586	645	0.12653599999999998
586	646	0.6090869999999999
586	647	2.357386
586	648	10.242463
586	649	1.888035
586	650	0.8114210000000001
586	651	2.059288
586	652	2.206006
586	653	1.7621200000000001
586	654	8.452204
587	1	28.420307
587	2	80.745316
587	3	131.306976
587	572	0.716971
587	573	1.117174
587	574	2.242449
587	575	2.16958
587	576	0.849972
587	577	1.092554
587	578	0.7357319999999999
587	579	0.9830209999999999
587	580	1.576614
587	581	3.217433
587	582	3.439939
587	583	2.322139
587	584	2.858849
587	585	3.2950699999999995
587	586	3.014191
587	587	7.188896000000001
587	588	2.068955
587	590	0.8123779999999999
587	591	0.449187
587	592	8.954535
587	593	0.9734809999999999
587	595	3.0537080000000003
587	596	0.0
587	597	1.736171
587	598	1.7569569999999999
587	599	0.44981800000000005
587	600	3.282883
587	601	0.573697
587	602	3.444032
587	603	2.452424
587	604	3.072731
587	605	3.1599369999999998
587	606	0.599938
587	607	0.0
587	608	6.479061
587	609	0.0
587	610	1.755616
587	611	0.658668
587	612	0.6689689999999999
587	613	0.617322
587	614	5.95296
587	615	1.220324
587	616	0.750794
587	617	1.037051
587	618	5.581753
587	619	0.501844
587	620	0.36295700000000003
587	621	1.461257
587	622	6.596856
587	623	0.176867
587	624	1.150491
587	625	1.061202
587	626	3.157494
587	627	2.996616
587	628	1.059896
587	629	0.782044
587	630	0.30930799999999997
587	631	0.756419
587	632	0.347248
587	633	2.568927
587	634	0.608629
587	635	0.8248219999999999
587	636	0.570226
587	637	0.532208
587	638	2.2334669999999996
587	639	1.489148
587	640	0.658766
587	641	0.534596
587	642	0.9336959999999999
587	643	0.9239879999999999
587	644	0.974434
587	645	0.1099
587	646	0.5319659999999999
587	647	1.2892290000000002
587	648	5.6315230000000005
587	649	1.249005
587	650	0.587717
587	651	1.1411360000000002
587	652	1.294693
587	653	1.056663
587	654	4.697753
588	1	11.633803
588	2	26.565865000000002
588	3	41.893452
588	572	0.21461599999999997
588	573	0.125164
588	574	0.279479
588	575	0.341197
588	576	0.189917
588	577	0.188409
588	578	0.1731
588	579	0.18423599999999998
588	580	0.24580500000000002
588	581	0.407486
588	582	0.8163199999999999
588	583	0.557199
588	584	1.450674
588	585	0.657281
588	586	1.4203270000000001
588	587	2.068955
588	588	0.863166
588	590	0.18418900000000002
588	591	0.322777
588	592	9.7995
588	593	0.225171
588	595	2.769472
588	596	0.0
588	597	0.5475810000000001
588	598	1.104935
588	599	0.057439
588	600	2.402963
588	601	0.107162
588	602	1.763118
588	603	0.893133
588	604	2.217144
588	605	2.593888
588	606	0.105001
588	607	0.0
588	608	7.362067999999999
588	609	0.0
588	610	1.8550240000000002
588	611	0.39584
588	612	0.299581
588	613	0.14274
588	614	4.979603
588	615	0.837734
588	616	0.468081
588	617	0.915524
588	618	5.801234
588	619	0.11862
588	620	0.145255
588	621	0.934027
588	622	7.117835
588	623	0.16335999999999998
588	624	0.9306770000000001
588	625	0.9843059999999999
588	626	2.749536
588	627	2.82855
588	628	0.9860690000000001
588	629	0.572045
588	630	0.097687
588	631	0.7121069999999999
588	632	0.084218
588	633	2.788868
588	634	0.26009899999999997
588	635	0.6512220000000001
588	636	0.183158
588	637	0.2661
588	638	2.31336
588	639	1.3961290000000002
588	640	0.555439
588	641	0.403613
588	642	1.014909
588	643	0.9789370000000001
588	644	0.581121
588	645	0.054501
588	646	0.258395
588	647	1.464099
588	648	6.310638
588	649	1.0406440000000001
588	650	0.414627
588	651	1.266895
588	652	1.308294
588	653	1.0320690000000001
588	654	5.337854
590	1	8.248812
590	2	12.112043
590	3	19.646582000000002
590	572	0.08998300000000001
590	573	0.042956
590	574	0.09970599999999999
590	575	0.121999
590	576	0.075961
590	577	0.07207999999999999
590	578	0.069189
590	579	0.070897
590	580	0.094389
590	581	0.16032000000000002
590	582	0.823573
590	583	0.881158
590	584	0.606043
590	585	0.254743
590	586	0.73109
590	587	0.8123779999999999
590	588	0.18418900000000002
590	590	0.5586409999999999
590	591	0.616476
590	592	9.494038
590	593	0.354649
590	595	2.0163919999999997
590	596	0.0
590	597	0.226423
590	598	0.571912
590	599	0.018429
590	600	0.9340959999999999
590	601	0.040588
590	602	1.042914
590	603	1.120507
590	604	1.5456299999999998
590	605	2.840221
590	606	0.152604
590	607	0.0
590	608	13.269473999999999
590	609	0.0
590	610	3.691841
590	611	0.764977
590	612	0.558649
590	613	0.206936
590	614	9.150997
590	615	1.534475
590	616	0.9856540000000001
590	617	1.845505
590	618	11.658891
590	619	0.18798399999999998
590	620	0.263743
590	621	1.849048
590	622	13.827635
590	623	0.312306
590	624	1.846423
590	625	1.964103
590	626	5.218705
590	627	5.502524
590	628	1.8909669999999998
590	629	1.09776
590	630	0.171772
590	631	1.402145
590	632	0.143993
590	633	5.5075650000000005
590	634	0.48028999999999994
590	635	1.260692
590	636	0.324359
590	637	0.48928299999999997
590	638	4.508416
590	639	2.648358
590	640	1.043141
590	641	0.754685
590	642	1.9207490000000003
590	643	1.795813
590	644	1.048183
590	645	0.09567
590	646	0.464768
590	647	2.776482
590	648	12.238255
590	649	1.9483169999999999
590	650	0.782884
590	651	2.4182200000000003
590	652	2.548164
590	653	1.971098
590	654	10.147903
591	1	8.216507
591	2	13.125804
591	3	22.24085
591	572	0.088351
591	573	0.144057
591	574	0.288127
591	575	0.347456
591	576	0.104895
591	577	0.13784200000000002
591	578	0.09639500000000001
591	579	0.154139
591	580	0.22445700000000002
591	581	0.564315
591	582	1.285017
591	583	1.216375
591	584	0.31314899999999996
591	585	0.369683
591	586	0.558419
591	587	0.449187
591	588	0.322777
591	590	0.616476
591	591	0.63815
591	592	3.020702
591	593	0.8188770000000001
591	595	0.8307530000000001
591	596	0.0
591	597	0.276425
591	598	0.381362
591	599	0.061784000000000006
591	600	0.5092369999999999
591	601	0.093441
591	602	0.8984030000000001
591	603	1.130644
591	604	0.739834
591	605	1.042006
591	606	0.568238
591	607	0.0
591	608	4.581904
591	609	0.0
591	610	1.182808
591	611	0.557663
591	612	0.583711
591	613	0.554322
591	614	4.931387
591	615	1.085407
591	616	0.5388069999999999
591	617	0.876475
591	618	4.120935
591	619	0.271694
591	620	0.22960500000000003
591	621	0.840519
591	622	3.798611
591	623	0.11423599999999999
591	624	0.788538
591	625	0.66472
591	626	1.879186
591	627	2.2130490000000003
591	628	0.772742
591	629	0.614233
591	630	0.272346
591	631	0.570397
591	632	0.320347
591	633	1.842866
591	634	0.526221
591	635	0.6437
591	636	0.47387399999999996
591	637	0.43203400000000003
591	638	1.602373
591	639	1.0535729999999999
591	640	0.47995200000000005
591	641	0.39942300000000003
591	642	0.6226
591	643	0.599428
591	644	0.745269
591	645	0.08493200000000001
591	646	0.42713199999999996
591	647	0.846758
591	648	3.881531
591	649	0.9113209999999999
591	650	0.45529200000000003
591	651	0.770637
591	652	0.937175
591	653	0.7490939999999999
591	654	3.277957
592	1	137.26091
592	2	325.73761
592	3	563.5443730000001
592	572	2.233182
592	573	4.5274779999999994
592	574	8.945224000000001
592	575	10.834469
592	576	2.933337
592	577	4.097716999999999
592	578	2.7060299999999997
592	579	4.609191
592	580	6.7683979999999995
592	581	17.567978
592	582	28.888486999999998
592	583	19.769057999999998
592	584	5.929022
592	585	10.661185000000001
592	586	14.336032999999999
592	587	8.954535
592	588	9.7995
592	590	9.494038
592	591	3.020702
592	592	28.755829
592	593	13.002285
592	595	11.297584
592	596	0.0
592	597	7.468387
592	598	8.093328
592	599	1.985991
592	600	8.920556
592	601	2.824834
592	602	22.967497
592	603	23.458111
592	604	13.9937
592	605	12.735714999999999
592	606	8.073167999999999
592	607	0.0
592	608	7.644806
592	609	0.0
592	610	3.3660129999999997
592	611	5.323704
592	612	6.6985410000000005
592	613	10.671444000000001
592	614	29.634605
592	615	8.527985000000001
592	616	4.655325
592	617	4.545795
592	618	12.860735
592	619	4.243535
592	620	2.676688
592	621	7.5187550000000005
592	622	8.821062
592	623	0.5619689999999999
592	624	5.336601
592	625	3.283718
592	626	10.771582
592	627	10.293116
592	628	3.803061
592	629	4.814901
592	630	3.5708519999999995
592	631	2.738581
592	632	4.411385
592	633	4.497211
592	634	6.208133999999999
592	635	4.571211
592	636	6.16415
592	637	4.732553
592	638	5.222898000000001
592	639	5.018083
592	640	3.035406
592	641	3.036338
592	642	1.388901
592	643	1.548705
592	644	7.325212
592	645	0.9488
592	646	4.792873
592	647	1.157845
592	648	6.801996000000001
592	649	5.838528
592	650	3.766839
592	651	1.4215309999999999
592	652	3.467636
592	653	3.073382
592	654	4.403793
593	1	10.508247
593	2	16.490316
593	3	27.158676
593	572	0.11399000000000001
593	573	0.05511799999999999
593	574	0.127089
593	575	0.164722
593	576	0.097352
593	577	0.09238099999999999
593	578	0.090793
593	579	0.09761399999999999
593	580	0.130674
593	581	0.235706
593	582	0.772526
593	583	0.655979
593	584	0.716026
593	585	0.308749
593	586	0.770045
593	587	0.9734809999999999
593	588	0.225171
593	590	0.354649
593	591	0.8188770000000001
593	592	13.002285
593	593	0.836248
593	595	2.749692
593	596	0.0
593	597	0.306542
593	598	0.782365
593	599	0.022986000000000003
593	600	1.3160690000000002
593	601	0.054491
593	602	1.4411
593	603	1.165683
593	604	1.7879310000000002
593	605	2.827307
593	606	0.20669400000000002
593	607	0.0
593	608	17.387107999999998
593	609	0.0
593	610	4.008287
593	611	0.898281
593	612	0.660535
593	613	0.286227
593	614	11.897228
593	615	2.00057
593	616	0.8617940000000001
593	617	2.179157
593	618	13.498563
593	619	0.14014200000000002
593	620	0.22557399999999997
593	621	1.425698
593	622	13.605185999999998
593	623	0.331951
593	624	1.8738290000000002
593	625	1.8779099999999997
593	626	5.019546
593	627	6.476141
593	628	2.2214009999999997
593	629	1.288593
593	630	0.205368
593	631	1.624749
593	632	0.17288399999999998
593	633	6.3680129999999995
593	634	0.564466
593	635	1.4628729999999999
593	636	0.365356
593	637	0.571579
593	638	5.2340599999999995
593	639	3.093057
593	640	1.2192
593	641	0.882026
593	642	2.2376009999999997
593	643	2.1343959999999997
593	644	1.248069
593	645	0.114704
593	646	0.5519689999999999
593	647	3.222803
593	648	14.228714000000002
593	649	2.2980970000000003
593	650	0.920529
593	651	2.834909
593	652	2.9504580000000002
593	653	2.322117
593	654	12.465307000000001
595	1	38.593841999999995
595	2	98.720398
595	3	169.253586
595	572	0.686271
595	573	1.2713079999999999
595	574	2.522707
595	575	3.1072900000000003
595	576	0.870109
595	577	1.185675
595	578	0.807376
595	579	1.335582
595	580	1.9408310000000002
595	581	4.942769999999999
595	582	6.943675999999999
595	583	4.826819
595	584	2.071308
595	585	3.038781
595	586	4.363249
595	587	3.0537080000000003
595	588	2.769472
595	590	2.0163919999999997
595	591	0.8307530000000001
595	592	11.297584
595	593	2.749692
595	595	8.363764
595	596	0.0
595	597	2.2873240000000004
595	598	2.90575
595	599	0.543353
595	600	3.541857
595	601	0.815895
595	602	6.920802
595	603	5.510783
595	604	4.287026999999999
595	605	4.338547
595	606	1.707958
595	607	0.0
595	608	8.266726
595	609	0.0
595	610	1.8756689999999998
595	611	1.3574709999999999
595	612	1.571152
595	613	2.353956
595	614	9.422202
595	615	2.296145
595	616	1.195523
595	617	1.552386
595	618	6.6043460000000005
595	619	1.027258
595	620	0.654126
595	621	2.207296
595	622	5.851639
595	623	0.213956
595	624	1.641443
595	625	1.225814
595	626	3.714861
595	627	4.037796
595	628	1.4512450000000001
595	629	1.374092
595	630	0.795131
595	631	1.055397
595	632	0.9583139999999999
