$OR;D2
* From-Time To-Time
0.00  8.00
* Factor
1
*To From Factor
1	1	0.0
1	2	0.0
1	3	0.0
1	572	6.176632561416758
1	573	7.265080682938462
1	574	14.691412277587853
1	575	15.899877700747338
1	576	5.909382889767849
1	577	7.188644939775799
1	578	4.5536773270790265
1	579	8.858215729448245
1	580	13.979430722094133
1	581	33.018078012402604
1	582	21.184210620329143
1	583	20.55616938563365
1	584	18.550521870329145
1	585	15.776746376212433
1	586	17.65194290387979
1	587	22.08120926677532
1	588	9.038904421807919
1	590	6.408929501510572
1	591	6.383830072944825
1	592	106.64511392709491
1	593	8.16440163837653
1	595	29.985555807362054
1	596	0.0
1	597	12.350809955080301
1	598	13.551600648155508
1	599	2.0692930775958023
1	600	20.364156620488156
1	601	5.122294955676578
1	602	22.340239565113688
1	603	16.37938050942121
1	604	23.22281643186516
1	605	29.86098867586261
1	606	9.854219015543011
1	607	0.0
1	608	193.30835406105896
1	609	0.0
1	610	69.69288443035458
1	611	20.35217680036572
1	612	20.162080775361737
1	613	6.143129621958977
1	614	117.65340552273813
1	615	20.381154772420093
1	616	10.946460992804896
1	617	24.12701819864048
1	618	185.54532029456195
1	619	6.079049743599937
1	620	6.790625730243281
1	621	27.11492938404357
1	622	261.1721128758547
1	623	7.2332411973286685
1	624	32.979738547861345
1	625	31.752280537446328
1	626	103.83112962235649
1	627	142.26229001749087
1	628	66.04683833538718
1	629	35.521497581491495
1	630	10.899582050802989
1	631	39.32125660160598
1	632	9.303746319764668
1	633	160.59104264489585
1	634	22.204193747416124
1	635	45.9424423479488
1	636	15.525358175981872
1	637	19.17951642490857
1	638	145.9778259063444
1	639	83.47497638257273
1	640	37.792118299610436
1	641	28.162879668866267
1	642	62.94341772280967
1	643	63.39260464839401
1	644	46.0527477518286
1	645	4.6816754778184135
1	646	22.377253549848948
1	647	90.75307256241057
1	648	410.06088745110515
1	649	72.55656024268565
1	650	32.704229101407215
1	651	84.79439285657499
1	652	92.02655642172842
1	653	65.2382094120687
1	654	255.67844116552712
2	1	0.0
2	2	0.0
2	3	0.0
2	572	16.269408417872473
2	573	16.938847199475276
2	574	35.439843829901406
2	575	37.885598034862454
2	576	15.829439248688185
2	577	18.447671319168386
2	578	12.065129432342186
2	579	22.62835427790587
2	580	36.15691985848306
2	581	68.99330613372555
2	582	38.341539779575456
2	583	27.616869784345685
2	584	55.44888374344093
2	585	40.27900511090793
2	586	41.85372717622039
2	587	62.73522027428845
2	588	20.640397178605504
2	590	9.410473860510416
2	591	10.198117315153445
2	592	253.08242914016537
2	593	12.812181039115913
2	595	76.70099296032755
2	596	0.0
2	597	32.195453855938936
2	598	35.48670179420417
2	599	4.655792881817459
2	600	55.41846297185562
2	601	12.69122984138973
2	602	51.93689835426935
2	603	31.03207106217205
2	604	56.16172227679282
2	605	64.64082436536015
2	606	7.7468933693751
2	607	0.0
2	608	211.4162301631817
2	609	0.0
2	610	51.157024417832716
2	611	14.666701324932422
2	612	12.823156260534267
2	613	8.413302815829223
2	614	151.37734193333597
2	615	27.240901244434728
2	616	14.118727306209252
2	617	27.80696114763873
2	618	170.50032035120847
2	619	6.134426984615996
2	620	5.562883355461918
2	621	28.209337502981395
2	622	183.68435130863412
2	623	4.5646253551836535
2	624	26.587713187112413
2	625	26.53583145233741
2	626	76.56974248926697
2	627	87.840138004651
2	628	31.35360868838448
2	629	19.699186088805853
2	630	5.1239405396326925
2	631	22.79897367467006
2	632	5.2173060629670855
2	633	85.85306973823343
2	634	11.640554009580221
2	635	22.36095698541104
2	636	8.916801781483542
2	637	10.66021717999682
2	638	72.3077818236206
2	639	43.95352493619812
2	640	18.28553856714104
2	641	13.82717535856257
2	642	30.869409982906667
2	643	30.46459710665448
2	644	22.149581026991573
2	645	2.264895360152648
2	646	10.784817720424552
2	647	44.345995932779466
2	648	192.9661969104786
2	649	34.6560330785896
2	650	14.603371205080302
2	651	38.63618321851646
2	652	41.482331774725715
2	653	31.80402009003816
2	654	157.5903599254651
3	1	0.0
3	2	0.0
3	3	0.0
3	572	29.63092624920496
3	573	26.28769324157259
3	574	59.27825472829543
3	575	46.278144582803314
3	576	25.29608517192717
3	577	29.44664104686755
3	578	19.335275841151216
3	579	30.72820675902369
3	580	58.06266698779614
3	581	136.51828054579423
3	582	60.427885474837005
3	583	42.87371030330737
3	584	89.98195409604071
3	585	64.58521093099063
3	586	66.7096706956591
3	587	102.0191940658292
3	588	32.54919380426141
3	590	15.26444765423756
3	591	17.2800689000636
3	592	437.84682661333284
3	593	21.10098276435045
3	595	131.5018817924153
3	596	0.0
3	597	45.54200759520591
3	598	60.19387846378599
3	599	7.319878317896327
3	600	90.44550375298141
3	601	15.598141468635713
3	602	87.11887032099699
3	603	50.74266824236762
3	604	89.96134311814278
3	605	103.60996795575608
3	606	12.62083023692161
3	607	0.0
3	608	359.5663224566704
3	609	0.0
3	610	87.12320959691526
3	611	24.760042802313567
3	612	21.439291672563208
3	613	13.636837701542374
3	614	259.37180751113056
3	615	46.57053874622356
3	616	22.35550666838925
3	617	47.16137331213229
3	618	292.0300791353951
3	619	9.518334973962476
3	620	8.645687551478773
3	621	44.43504704265385
3	622	295.31227869275716
3	623	7.6195587354905365
3	624	44.13243052412944
3	625	42.41835826502624
3	626	120.36512587494038
3	627	148.54487549868819
3	628	53.05203554778184
3	629	33.252736886031165
3	630	8.431450856455715
3	631	39.276769117308
3	632	8.615427608920339
3	633	148.54086798119732
3	634	19.51960921450151
3	635	38.31164034266179
3	636	14.66535409047543
3	637	17.698142013038638
3	638	124.37856296171888
3	639	74.09528923795516
3	640	30.767842179201786
3	641	23.20574835426936
3	642	52.291046979249494
3	643	50.77190960108921
3	644	36.60736078430593
3	645	3.7038349944347266
3	646	17.822967092542537
3	647	75.4640538068453
3	648	331.86284896068537
3	649	58.235518567141035
3	650	24.584340586738747
3	651	65.68976137899507
3	652	71.58582109894259
3	653	53.66064210963586
3	654	267.1584924679997
572	1	6.176632561416758
572	2	16.269408417872473
572	3	29.63092624920496
572	572	0.34507848942598185
572	573	0.18336218357449516
572	574	0.4305214350453172
572	575	0.23546379571474005
572	576	0.14804661551916046
572	577	0.15950898572905073
572	578	0.11251350095404676
572	579	0.15627375834790902
572	580	0.2500526200508825
572	581	0.5918212947209414
572	582	0.29371886627444743
572	583	0.20026166262521866
572	584	0.5127742164891079
572	585	0.37007458339958654
572	586	0.3334397511528065
572	587	0.5570519237955159
572	588	0.16674629193830495
572	590	0.06991245567657815
572	591	0.06864447030529497
572	592	1.7350748207187152
572	593	0.0885647380346637
572	595	0.5331995029018921
572	596	0.0
572	597	0.24354875636031165
572	598	0.2524199922483701
572	599	0.03370883169025282
572	600	0.4497634238352679
572	601	0.07759728613452059
572	602	0.3918742975830816
572	603	0.2412482020193989
572	604	0.44375447845444427
572	605	0.5031866310224201
572	606	0.05172945221815869
572	607	0.0
572	608	1.3687039666481162
572	609	0.0
572	610	0.3578748859119097
572	611	0.09662405927015423
572	612	0.08421147698362218
572	613	0.05620935641596439
572	614	1.012991337653045
572	615	0.1838741948242964
572	616	0.1051907300445222
572	617	0.18347328768484653
572	618	1.1304307131499445
572	619	0.043633614247098114
572	620	0.039659505684528536
572	621	0.2086426419144538
572	622	1.3208810281841312
572	623	0.03185735550166958
572	624	0.19499936794402928
572	625	0.19633028641278424
572	626	0.5473089479647003
572	627	0.5675835057242805
572	628	0.2014224286452536
572	629	0.12783266000159008
572	630	0.03324732230879313
572	631	0.15015681666401656
572	632	0.034498214740022265
572	633	0.5648556278820162
572	634	0.07631920038956909
572	635	0.14671103533948165
572	636	0.05911671012879631
572	637	0.06914405032596598
572	638	0.4716454949117507
572	639	0.28207080457942435
572	640	0.11710917097312767
572	641	0.08880015443631738
572	642	0.19768529038797897
572	643	0.1876649427571951
572	644	0.1388358516854826
572	645	0.014052727579901414
572	646	0.06852015801399268
572	647	0.284806451939895
572	648	1.2513725874542854
572	649	0.21994029833836856
572	650	0.0939878617427254
572	651	0.2465058349896645
572	652	0.2714040330338687
572	653	0.20335470782318332
572	654	1.0107241922404198
573	1	7.265080682938462
573	2	16.938847199475276
573	3	26.28769324157259
573	572	0.18336218357449516
573	573	0.04559852540149467
573	574	0.0914021660836381
573	575	0.07421832266656066
573	576	0.12127596358721578
573	577	0.08770309846557481
573	578	0.09853225294164417
573	579	0.08263193393226267
573	580	0.10153827953569723
573	581	0.09631871720464304
573	582	0.15123522579106374
573	583	0.1096411100731436
573	584	0.833670857449515
573	585	0.2803576258149149
573	586	0.38712246024805214
573	587	0.8679903732707902
573	588	0.09724639767848624
573	590	0.033374742407377964
573	591	0.11192534842582286
573	592	3.5176322750039746
573	593	0.042824030449992036
573	595	0.9877450651931944
573	596	0.0
573	597	0.24672182759580225
573	598	0.37319016020034973
573	599	0.004640733224678009
573	600	0.7614562935283828
573	601	0.036475557123549066
573	602	0.5091380819685165
573	603	0.2281394709015742
573	604	0.7244034612020989
573	605	0.8877933212752426
573	606	0.01304113630942916
573	607	0.0
573	608	2.821989239346478
573	609	0.0
573	610	0.7145346191763395
573	611	0.13961280350612182
573	612	0.09607708518842424
573	613	0.02739299034027667
573	614	1.803717737120369
573	615	0.2913305163778025
573	616	0.15775929022897126
573	617	0.3357395285418985
573	618	2.2360518007632373
573	619	0.023416550922245188
573	620	0.04227550246462077
573	621	0.32027119474479243
573	622	2.669045496501828
573	623	0.06013140920655113
573	624	0.34296207266656065
573	625	0.36991608522817615
573	626	1.004310454961043
573	627	1.0745686541978057
573	628	0.3784493470742567
573	629	0.2114124751550326
573	630	0.02638761468436953
573	631	0.2829627452695182
573	632	0.018397442160915885
573	633	1.1353138553426618
573	634	0.08423789334552394
573	635	0.252500018285896
573	636	0.04940403541898553
573	637	0.08807836619494355
573	638	0.9291784369534108
573	639	0.5330239117904277
573	640	0.20947786512164096
573	641	0.1495950804976944
573	642	0.399087518285896
573	643	0.3755691866751471
573	644	0.20143641377802515
573	645	0.01774169482429639
573	646	0.08506767788996662
573	647	0.5850734681586898
573	648	2.552365202933694
573	649	0.3915565242884401
573	650	0.15268734874383846
573	651	0.5017920025043727
573	652	0.5285401228335188
573	653	0.39165364326602004
573	654	2.081529291819049
574	1	14.691412277587853
574	2	35.439843829901406
574	3	59.27825472829543
574	572	0.4305214350453172
574	573	0.0914021660836381
574	574	0.4735125101367467
574	575	0.18788637402607727
574	576	0.25648267331849256
574	577	0.197129769836222
574	578	0.2069504408491016
574	579	0.18733551518524408
574	580	0.2401744546032755
574	581	0.3063101474797265
574	582	0.3459548910796629
574	583	0.2489889730084274
574	584	1.6580462633169026
574	585	0.6005216012084592
574	586	0.7963204525759262
574	587	1.7422748332405789
574	588	0.21714171788042613
574	590	0.07746675822865319
574	591	0.22386079722531405
574	592	6.950008072825569
574	593	0.09874202993321674
574	595	1.9600217965892828
574	596	0.0
574	597	0.5085289517411353
574	598	0.750425908530768
574	599	0.01577445281443791
574	600	1.5215645756479568
574	601	0.08441426140880902
574	602	1.0372469965415805
574	603	0.4779613362617268
574	604	1.4533085812529811
574	605	1.7753426796788039
574	606	0.03521611822229289
574	607	0.0
574	608	5.573463885355382
574	609	0.0
574	610	1.3966664626729208
574	611	0.2761418852361265
574	612	0.19415948302591826
574	613	0.063473855938941
574	614	3.582987908252504
574	615	0.5822943114962633
574	616	0.3196193321672762
574	617	0.6631377023374145
574	618	4.3595077436794405
574	619	0.053407668150739385
574	620	0.0880138791938305
574	621	0.6399060659484815
574	622	5.301902131101923
574	623	0.11993416779297185
574	624	0.6745783178963269
574	625	0.7259379410478614
574	626	2.006683192081412
574	627	2.112031643345524
574	628	0.7425033308157101
574	629	0.4159893281920814
574	630	0.05554661651295914
574	631	0.5446867355700429
574	632	0.040692074654158056
574	633	2.175486075488949
574	634	0.1689862440372078
574	635	0.4884144460566068
574	636	0.10360885613770074
574	637	0.17790254313086346
574	638	1.7919205006757832
574	639	1.050599690531086
574	640	0.4138426103116552
574	641	0.2961608258467165
574	642	0.7824992566385752
574	643	0.7478705139926857
574	644	0.4068539286850055
574	645	0.036441371243440934
574	646	0.17267288042614087
574	647	1.1412287895531879
574	648	4.928440814716171
574	649	0.7742682290507235
574	650	0.30126617626013674
574	651	0.9800221640960408
574	652	1.0159950333916363
574	653	0.7740662215773573
574	654	4.093688440332326
575	1	15.899877700747338
575	2	37.885598034862454
575	3	46.278144582803314
575	572	0.23546379571474005
575	573	0.07421832266656066
575	574	0.18788637402607727
575	575	0.576250403283511
575	576	0.19526508546668786
575	577	0.17029463090316424
575	578	0.2071128237796152
575	579	0.24600081630624895
575	580	0.28370628816186994
575	581	0.3140998664334552
575	582	0.4221971732389888
575	583	0.2987628374940373
575	584	1.7405764165606616
575	585	0.6202522926935921
575	586	0.9020620414612815
575	587	1.6856591310224198
575	588	0.26509363034663697
575	590	0.09478734516616312
575	591	0.2699565717920178
575	592	8.417860415209095
575	593	0.12798105779933214
575	595	2.4142146227540158
575	596	0.0
575	597	0.6989155567260296
575	598	0.9405941900540626
575	599	0.02824841429480045
575	600	1.6708597527428846
575	601	0.1362726876291938
575	602	1.182603804857688
575	603	0.5341124212911432
575	604	1.596639099220862
575	605	1.939772878239784
575	606	0.04891144796470027
575	607	0.0
575	608	6.646038104229606
575	609	0.0
575	610	1.53694433693751
575	611	0.3256243927889967
575	612	0.2321027021386548
575	613	0.08398849181109874
575	614	4.22759064795675
575	615	0.6870033314119892
575	616	0.3481101554301161
575	617	0.7927161730799809
575	618	5.062285527905867
575	619	0.06392604189855303
575	620	0.09812046847670536
575	621	0.6996093747018605
575	622	5.676228971815869
575	623	0.13005707306408015
575	624	0.7305328341151216
575	625	0.7837159631896962
575	626	2.154804394975354
575	627	2.4902292580298933
575	628	0.8693313921132135
575	629	0.487924966409604
575	630	0.06803611702973444
575	631	0.6239008584433137
575	632	0.05115839262998887
575	633	2.479484014350453
575	634	0.1991708222690412
575	635	0.5599274224837016
575	636	0.12134822010653523
575	637	0.21008233363809825
575	638	2.0538503832087773
575	639	1.2250758761329303
575	640	0.4822726419144538
575	641	0.3453954857688027
575	642	0.905356317180792
575	643	0.8860428488233424
575	644	0.48647362040865005
575	645	0.044081138495786286
575	646	0.20653554857688028
575	647	1.3106275950071553
575	648	5.655083451065352
575	649	0.9104002884003816
575	650	0.35316345007155353
575	651	1.1394316999920495
575	652	1.1583302760772778
575	653	0.9127210434886308
575	654	4.8629530996581325
576	1	5.909382889767849
576	2	15.829439248688185
576	3	25.29608517192717
576	572	0.14804661551916046
576	573	0.12127596358721578
576	574	0.25648267331849256
576	575	0.19526508546668786
576	576	0.2480403148354269
576	577	0.14780187569565909
576	578	0.11495468357449515
576	579	0.14184576303863888
576	580	0.2086340954444268
576	581	0.3585966741532836
576	582	0.2527230034584195
576	583	0.17714423815391953
576	584	0.633382001510574
576	585	0.36323585347432025
576	586	0.3491007690014311
576	587	0.6603872928923517
576	588	0.14755635892033708
576	590	0.05901803724757512
576	591	0.08149836122595007
576	592	2.279061522698362
576	593	0.07563781364286849
576	595	0.6760327717045636
576	596	0.0
576	597	0.2507301220384799
576	598	0.2937103198044204
576	599	0.02546071116234696
576	600	0.5439828172205439
576	601	0.06717059270154238
576	602	0.4337387925345842
576	603	0.2419598898871045
576	604	0.5257656278820162
576	605	0.6134524103593576
576	606	0.04019948719987279
576	607	0.0
576	608	1.7831409451025602
576	609	0.0
576	610	0.4476027208220703
576	611	0.10391575210685323
576	612	0.08375307540944507
576	613	0.048389336341230715
576	614	1.238090596080458
576	615	0.2140813046589283
576	616	0.11908418250119256
576	617	0.22440388654794088
576	618	1.4003663072428048
576	619	0.03831382513118143
576	620	0.04080084790904754
576	621	0.23798733522817614
576	622	1.7204160707187153
576	623	0.04024299650182859
576	624	0.2307096275242487
576	625	0.24009598246939096
576	626	0.6828450852679281
576	627	0.6959149687947209
576	628	0.2443272620845921
576	629	0.14606771923199235
576	630	0.03005560422960725
576	631	0.17552351665606614
576	632	0.02813964103991096
576	633	0.6770171696613134
576	634	0.0737972147797742
576	635	0.1648109049530927
576	636	0.05446820738591191
576	637	0.07270870527905868
576	638	0.5659511299491174
576	639	0.34631384282079825
576	640	0.14003701920019082
576	641	0.10331983006042296
576	642	0.24848162346954997
576	643	0.2419886371044681
576	644	0.1553709403323263
576	645	0.015141237080616947
576	646	0.07168856753855939
576	647	0.35723234675624105
576	648	1.5336593846398472
576	649	0.26294302770710765
576	650	0.10694120249642232
576	651	0.30891992864525364
576	652	0.3212711317379552
576	653	0.2541230706392113
576	654	1.3003982473366196
577	1	7.188644939775799
577	2	18.447671319168386
577	3	29.44664104686755
577	572	0.15950898572905073
577	573	0.08770309846557481
577	574	0.197129769836222
577	575	0.17029463090316424
577	576	0.14780187569565909
577	577	0.2490068429003021
577	578	0.1268824479249483
577	579	0.1375119257831134
577	580	0.19303756459691526
577	581	0.29433110430911114
577	582	0.24364587533789156
577	583	0.17349567240419786
577	584	0.8324098646446176
577	585	0.38573482429639055
577	586	0.4152053838050564
577	587	0.8488618194466528
577	588	0.14638471557481314
577	590	0.056002687231674335
577	591	0.10709659286055018
577	592	3.1837286836142464
577	593	0.07177558614247098
577	595	0.9212123499363968
577	596	0.0
577	597	0.287186255366513
577	598	0.37528171450151054
577	599	0.019818487040865
577	600	0.7181381217204643
577	601	0.06470765543011607
577	602	0.5325655102162506
577	603	0.2725337209810781
577	604	0.6884406922801718
577	605	0.8196717395452376
577	606	0.033652891159166795
577	607	0.0
577	608	2.5028725950071555
577	609	0.0
577	610	0.6194388241373827
577	611	0.13084956392113214
577	612	0.0987373682222929
577	613	0.04610121322944824
577	614	1.6667636627444744
577	615	0.2786662017013833
577	616	0.1521590215058038
577	617	0.30387129571474003
577	618	1.9305341441405632
577	619	0.03734962792176817
577	620	0.04757819864048338
577	621	0.30670328510096995
577	622	2.4058095579583396
577	623	0.05521641198918746
577	624	0.30810646008904435
577	625	0.3271060399109556
577	626	0.9295272883208776
577	627	0.9496651025600252
577	628	0.33234968774844964
577	629	0.19113869434727299
577	630	0.03203527746859596
577	631	0.23712880346636986
577	632	0.027085317419303548
577	633	0.930935125019876
577	634	0.08561931368262045
577	635	0.21692572527428847
577	636	0.05896365062013039
577	637	0.0886043625775163
577	638	0.7755105750119257
577	639	0.4727433278343138
577	640	0.18816296887422485
577	641	0.13636592184767055
577	642	0.3452564113929082
577	643	0.33756536532040066
577	644	0.19734731634600092
577	645	0.018532631777707108
577	646	0.08678241055811735
577	647	0.4978582954364764
577	648	2.124329236762601
577	649	0.3528029444267769
577	650	0.1391909186675147
577	651	0.4296225017888377
577	652	0.43810137700747337
577	653	0.3493991185005565
577	654	1.8207205507632376
578	1	4.5536773270790265
578	2	12.065129432342186
578	3	19.335275841151216
578	572	0.11251350095404676
578	573	0.09853225294164417
578	574	0.2069504408491016
578	575	0.2071128237796152
578	576	0.11495468357449515
578	577	0.1268824479249483
578	578	0.1724475643981555
578	579	0.11058122177611704
578	580	0.16398345126411193
578	581	0.2888007612498012
578	582	0.23023257910637626
578	583	0.16079484099220862
578	584	0.5510911494275721
578	585	0.3316535389171569
578	586	0.3055891361901733
578	587	0.5716283169025281
578	588	0.13449036015264748
578	590	0.05375651951820639
578	591	0.07489427075051679
578	592	2.102454935204325
578	593	0.07054178665129593
578	595	0.6272922531404038
578	596	0.0
578	597	0.25389775461122593
578	598	0.2751706954603276
578	599	0.026686741135315637
578	600	0.4656132409763078
578	601	0.05896442757195103
578	602	0.3767260679360789
578	603	0.21322277289712194
578	604	0.4491877025361743
578	605	0.5200853331213229
578	606	0.03768449415646367
578	607	0.0
578	608	1.6190945607409766
578	609	0.0
578	610	0.37501366612339004
578	611	0.0946342856574972
578	612	0.0767752711082843
578	613	0.04550451423119732
578	614	1.1316147877245986
578	615	0.1961352715058038
578	616	0.1016027665368103
578	617	0.20433444406900936
578	618	1.2570676442995703
578	619	0.03474140065988233
578	620	0.035682289314676416
578	621	0.2029514698282716
578	622	1.4383988758149149
578	623	0.03380439676419145
578	624	0.1943187581491493
578	625	0.2012802464620766
578	626	0.5746801836539991
578	627	0.6287459299968199
578	628	0.22028448799491174
578	629	0.13234675007950392
578	630	0.027807882612498013
578	631	0.1579154575449197
578	632	0.02624543250119256
578	633	0.6072958441326125
578	634	0.06755829166004135
578	635	0.14858815093814595
578	636	0.04900157437589442
578	637	0.06575964819526157
578	638	0.5080324795277469
578	639	0.3096805644776594
578	640	0.12538759262203847
578	641	0.09272065332326283
578	642	0.2212463543488631
578	643	0.21741520492129116
578	644	0.14121099340117665
578	645	0.013827411551916044
578	646	0.06543954404515821
578	647	0.3174539674431547
578	648	1.3747859455000797
578	649	0.23730284067419305
578	650	0.09685403700906343
578	651	0.2772770118460805
578	652	0.2882203782397837
578	653	0.22932587633169024
578	654	1.1775334172761964
579	1	8.858215729448245
579	2	22.62835427790587
579	3	30.72820675902369
579	572	0.15627375834790902
579	573	0.08263193393226267
579	574	0.18733551518524408
579	575	0.24600081630624895
579	576	0.14184576303863888
579	577	0.1375119257831134
579	578	0.11058122177611704
579	579	0.3035185595881698
579	580	0.247200429917316
579	581	0.3241668311734775
579	582	0.2393291310224201
579	583	0.17121842661790426
579	584	0.7207626649705835
579	585	0.3193598302591827
579	586	0.4145465286611544
579	587	0.7637599556765781
579	588	0.14314249562728573
579	590	0.05508355322785816
579	591	0.1197585766815074
579	592	3.5811193391238665
579	593	0.07584137501987596
579	595	1.0376828665129592
579	596	0.0
579	597	0.3325128476307839
579	598	0.4189611689060264
579	599	0.02166297066306249
579	600	0.7208318136826205
579	601	0.09567307024169183
579	602	0.5448965125616155
579	603	0.2643221171887423
579	604	0.6934326077277787
579	605	0.8297697823580854
579	606	0.035146969510256004
579	607	0.0
579	608	2.849178668309747
579	609	0.0
579	610	0.659837211003339
579	611	0.14885930712354906
579	612	0.11128280927015424
579	613	0.049648775242486884
579	614	1.853794612816028
579	615	0.30749344510256
579	616	0.15447433793130866
579	617	0.34598208439338524
579	618	2.1890788475910323
579	619	0.036934735649546815
579	620	0.04774524328192081
579	621	0.3107045869772619
579	622	2.4425547173636506
579	623	0.05665843456829385
579	624	0.3144145319208141
579	625	0.3339603088726347
579	626	0.9431161756638576
579	627	1.0853069053108602
579	628	0.3800568603911592
579	629	0.2181742868500557
579	630	0.035589055096199716
579	631	0.2732772638734298
579	632	0.02968111345205915
579	633	1.0755530521545555
579	634	0.09669553883765304
579	635	0.24927722213388456
579	636	0.06310791163141995
579	637	0.09873892212593416
579	638	0.893496924590555
579	639	0.5351737374781365
579	640	0.21280399586579746
579	641	0.1540710999363969
579	642	0.39183467304022895
579	643	0.3836424930434091
579	644	0.22279715018285895
579	645	0.020780353394816344
579	646	0.09769858363809826
579	647	0.5663442675703609
579	648	2.447074246104309
579	649	0.4020422660597869
579	650	0.15866521605183653
579	651	0.4925105360550167
579	652	0.5053519957465415
579	653	0.3968856368262044
579	654	2.089201691047861
580	1	13.979430722094133
580	2	36.15691985848306
580	3	58.06266698779614
580	572	0.2500526200508825
580	573	0.10153827953569723
580	574	0.2401744546032755
580	575	0.28370628816186994
580	576	0.2086340954444268
580	577	0.19303756459691526
580	578	0.16398345126411193
580	579	0.247200429917316
580	580	0.5597246380585148
580	581	0.5627757278581651
580	582	0.3161424727699157
580	583	0.2259849835029417
580	584	1.1363293313722371
580	585	0.4744751534425186
580	586	0.5932555477818413
580	587	1.2249531177452695
580	588	0.19097864227222136
580	590	0.07333570539831452
580	591	0.17439227480521546
580	592	5.258719148910796
580	593	0.10152740221020833
580	595	1.5079321790030211
580	596	0.0
580	597	0.43130693333598347
580	598	0.5997664040387979
580	599	0.025304543846398474
580	600	1.0612765624503102
580	601	0.1151893230243282
580	602	0.7752596195738591
580	603	0.3737456807521069
580	604	1.0210941681904913
580	605	1.2326729110351409
580	606	0.04499794164414056
580	607	0.0
580	608	4.203189699077755
580	609	0.0
580	610	0.9752633341946256
580	611	0.2176428518047384
580	612	0.15998525719510254
580	613	0.06588396048656384
580	614	2.736489576244236
580	615	0.4520360079106376
580	616	0.22779605819685164
580	617	0.5084574721736366
580	618	3.2589694748767686
580	619	0.04873818770869772
580	620	0.06756839203370965
580	621	0.456637116592463
580	622	3.64796283510892
580	623	0.08342597869295595
580	624	0.4702594128637303
580	625	0.501011942876451
580	626	1.3996996825806964
580	627	1.600753836062967
580	628	0.5623010102957545
580	629	0.32097899785339484
580	630	0.049722585665447606
580	631	0.4097348660359357
580	632	0.040419364565113684
580	633	1.6205894160438865
580	634	0.13971691505008746
580	635	0.3721606990380029
580	636	0.08812032159325807
580	637	0.14215809767053586
580	638	1.340495176896168
580	639	0.7895578639290824
580	640	0.3133446692637939
580	641	0.2262530318810622
580	642	0.5817667612100493
580	643	0.5637787726586102
580	644	0.3220768307759581
580	645	0.029644596716489113
580	646	0.1403081753855939
580	647	0.8448729487994912
580	648	3.6721501222372392
580	649	0.5916060790666242
580	650	0.2331546949038003
580	651	0.7331503847988552
580	652	0.7600702114803625
580	653	0.5864207026156781
580	654	3.0928921384560333
581	1	33.018078012402604
581	2	68.99330613372555
581	3	136.51828054579423
581	572	0.5918212947209414
581	573	0.09631871720464304
581	574	0.3063101474797265
581	575	0.3140998664334552
581	576	0.3585966741532836
581	577	0.29433110430911114
581	578	0.2888007612498012
581	579	0.3241668311734775
581	580	0.5627757278581651
581	581	1.3513771640960406
581	582	0.5204201993560184
581	583	0.3794803621402449
581	584	2.370581008506917
581	585	0.8390807729766259
581	586	1.2144277514310702
581	587	2.49979042713468
581	588	0.3165969895849897
581	590	0.12456091588487835
581	591	0.4384455666640165
581	592	13.649472492049613
581	593	0.18313220583558595
581	595	3.840294150500873
581	596	0.0
581	597	0.7626590149467324
581	598	1.4614090809349658
581	599	0.024453781602798538
581	600	2.391448380505645
581	601	0.1463575222610908
581	602	1.8179211933534742
581	603	0.7772284154873589
581	604	2.2510081233105423
581	605	2.762541547742089
581	606	0.06213128319287645
581	607	0.0
581	608	10.98325665407855
581	609	0.0
581	610	2.574710337295277
581	611	0.5485101154794085
581	612	0.3820598421847671
581	613	0.11720395909524567
581	614	7.047816206670379
581	615	1.1431587378756558
581	616	0.4989654517808873
581	617	1.3076860554142151
581	618	8.616023530966768
581	619	0.08170736126570202
581	620	0.13786466190968358
581	621	1.0161480929003022
581	622	8.748194689934808
581	623	0.2113573115757672
581	624	1.1551385579980915
581	625	1.1808820796231514
581	626	3.224479806606773
581	627	4.1785199248688185
581	628	1.4728232801319765
581	629	0.8263745029018923
581	630	0.1075549944347273
581	631	1.1007635848306567
581	632	0.07781794045158212
581	633	4.407623592979807
581	634	0.3357799300365718
581	635	0.9857848157497218
581	636	0.19097320360947687
581	637	0.3436885226188583
581	638	3.6105564897042455
581	639	2.057259647797742
581	640	0.8103226782874859
581	641	0.5799968649626331
581	642	1.5375464745985052
581	643	1.4603547573143585
581	644	0.7926990801399268
581	645	0.07030093158689776
581	646	0.3369150566465257
581	647	2.2531828114565107
581	648	9.908527947805693
581	649	1.5275688593178565
581	650	0.5975311136508188
581	651	1.9484957163301004
581	652	2.0547990413817776
581	653	1.5227991520909523
581	654	8.10569360490539
582	1	21.184210620329143
582	2	38.341539779575456
582	3	60.427885474837005
582	572	0.29371886627444743
582	573	0.15123522579106374
582	574	0.3459548910796629
582	575	0.4221971732389888
582	576	0.2527230034584195
582	577	0.24364587533789156
582	578	0.23023257910637626
582	579	0.2393291310224201
582	580	0.3161424727699157
582	581	0.5204201993560184
582	582	4.318755843735094
582	583	1.8614017480919065
582	584	1.9850303217920182
582	585	0.8563516349976149
582	586	2.478667437986961
582	587	2.6726668689378283
582	588	0.6342413102242009
582	590	0.6398765417792972
582	591	0.9983962977023376
582	592	22.444962570162183
582	593	0.6002154821911274
582	595	5.394901710128796
582	596	0.0
582	597	0.730378997654635
582	598	1.747858009023692
582	599	0.06584278204006996
582	600	3.0594894257831133
582	601	0.13760671390523135
582	602	3.1511005919065034
582	603	2.1273593488630937
582	604	5.252408746223566
582	605	8.561371185999363
582	606	0.2911541483145174
582	607	0.0
582	608	22.154280031602802
582	609	0.0
582	610	6.675013745428527
582	611	1.3983734258228653
582	612	1.0352875240499284
582	613	0.3597341316186993
582	614	15.05144864346478
582	615	2.5220640819287645
582	616	1.7150450027826365
582	617	3.314478797702337
582	618	20.99234236822229
582	619	0.38653275381618696
582	620	0.493804160836381
582	621	3.3424972342582286
582	622	25.24218491632215
582	623	0.5735854585387183
582	624	3.3398625906344415
582	625	3.54527777468596
582	626	9.611435556726027
582	627	10.040800110510416
582	628	3.4717726937907463
582	629	2.0132072565193195
582	630	0.32552028124503096
582	631	2.5479396853633327
582	632	0.27595774765463504
582	633	9.999798809031642
582	634	0.8937393335585944
582	635	2.30601864306726
582	636	0.6124004175942122
582	637	0.9114981213229448
582	638	8.228607382930514
582	639	4.882886575568453
582	640	1.930881441604389
582	641	1.3987354853712832
582	642	3.5463864849340117
582	643	3.3557030843536335
582	644	1.9682334003816184
582	645	0.18133900103355066
582	646	0.8732231437827954
582	647	5.123240506042295
582	648	22.383639316862784
582	649	3.6098712181984416
582	650	1.4452795611384956
582	651	4.450167143822548
582	652	4.652201810502463
582	653	3.6240428194069016
582	654	18.528936594848147
583	1	20.55616938563365
583	2	27.616869784345685
583	3	42.87371030330737
583	572	0.20026166262521866
583	573	0.1096411100731436
583	574	0.2489889730084274
583	575	0.2987628374940373
583	576	0.17714423815391953
583	577	0.17349567240419786
583	578	0.16079484099220862
583	579	0.17121842661790426
583	580	0.2259849835029417
583	581	0.3794803621402449
583	582	1.8614017480919065
583	583	5.480130993997456
583	584	1.3457737875655909
583	585	0.5978084854507871
583	586	1.6336748386070918
583	587	1.8041901238273172
583	588	0.4329167775083479
583	590	0.6846173123708061
583	591	0.9450647708300206
583	592	15.359605605422162
583	593	0.5096640783510892
583	595	3.7502058099459377
583	596	0.0
583	597	0.4947100866592463
583	598	1.1401379491970105
583	599	0.0472992729368739
583	600	2.03322697408173
583	601	0.09753697765940532
583	602	2.1882467321911268
583	603	1.7138648129670857
583	604	3.3709818419065027
583	605	6.027819871402447
583	606	0.4350052240022261
583	607	0.0
583	608	26.740060230958814
583	609	0.0
583	610	9.464344591946254
583	611	2.022301477579901
583	612	1.5004035158610272
583	613	0.38453054897439976
583	614	19.154544416441407
583	615	3.4256543876212437
583	616	2.5030567325886466
583	617	4.704092091747496
583	618	29.96287347591032
583	619	0.8001881187390681
583	620	0.8539345378836063
583	621	4.768423702496422
583	622	38.747360362339
583	623	0.7911125445221816
583	624	4.76985484775004
583	625	5.040943438344728
583	626	14.705455681745908
583	627	14.146866170297345
583	628	4.8887409075369685
583	629	2.8704539400143103
583	630	0.4736989785737002
583	631	3.6945822752027344
583	632	0.41405860291779295
583	633	14.484312661989188
583	634	1.3092081040308474
583	635	3.3466997666560663
583	636	0.8901917715455556
583	637	1.294413387462236
583	638	11.815132752822388
583	639	6.8162635864207335
583	640	2.6984414686357128
583	641	1.963109403124503
583	642	4.941558092304024
583	643	4.559504465733822
583	644	2.7297083407536964
583	645	0.2503222223326443
583	646	1.231229334552393
583	647	7.173963658172999
583	648	31.927668087533785
583	649	5.0402340813324855
583	650	2.0487799956272856
583	651	6.237383978176181
583	652	6.7141806636587695
583	653	5.038870530887263
583	654	25.827998819565906
584	1	18.550521870329145
584	2	55.44888374344093
584	3	89.98195409604071
584	572	0.5127742164891079
584	573	0.833670857449515
584	574	1.6580462633169026
584	575	1.7405764165606616
584	576	0.633382001510574
584	577	0.8324098646446176
584	578	0.5510911494275721
584	579	0.7207626649705835
584	580	1.1363293313722371
584	581	2.370581008506917
584	582	1.9850303217920182
584	583	1.3457737875655909
584	584	3.379973505326761
584	585	2.235462094331372
584	586	1.6859341719669263
584	587	2.2211879354825887
584	588	1.1271038054539673
584	590	0.4708662122356496
584	591	0.2433016856813484
584	592	4.606564437509938
584	593	0.5563177043250119
584	595	1.6093065217045637
584	596	0.0
584	597	1.3425199133407535
584	598	0.9730909769041182
584	599	0.3283623710049292
584	600	1.6662741830974717
584	601	0.4466307540944506
584	602	1.8864491208856733
584	603	1.3783234071394501
584	604	1.6642937329066625
584	605	1.6920223664334553
584	606	0.34872938603116554
584	607	0.0
584	608	3.352380061416759
584	609	0.0
584	610	0.9187400892431228
584	611	0.3663529841787248
584	612	0.3793327412943234
584	613	0.35643985589918903
584	614	3.1737860311655273
584	615	0.6619676128955319
584	616	0.4142947962712673
584	617	0.5543792095325171
584	618	2.9289063563364603
584	619	0.2914742524646208
584	620	0.2066046972889172
584	621	0.8064060641596439
584	622	3.429886444188265
584	623	0.0939839769836222
584	624	0.6221185309667674
584	625	0.5647616167117188
584	626	1.6902470315232945
584	627	1.5922469905787882
584	628	0.5648074568691366
584	629	0.4278813527587852
584	630	0.17836249860868186
584	631	0.4036925117268247
584	632	0.20200358860709167
584	633	1.345964917713468
584	634	0.3464428168230244
584	635	0.4490369738829703
584	636	0.3284276349578629
584	637	0.2998070607409763
584	638	1.1769988744235969
584	639	0.7922826339640641
584	640	0.3550871827794562
584	641	0.2915977878041024
584	642	0.4871557841071713
584	643	0.4826378092701542
584	644	0.5422766310224201
584	645	0.06194947646684688
584	646	0.3003897746064557
584	647	0.6689392015821276
584	648	2.933175706590873
584	649	0.6740950538638892
584	650	0.3227535558117348
584	651	0.5938460311655271
584	652	0.6851386470424551
584	653	0.5585941731594848
584	654	2.4290116701780886
585	1	15.776746376212433
585	2	40.27900511090793
585	3	64.58521093099063
585	572	0.37007458339958654
585	573	0.2803576258149149
585	574	0.6005216012084592
585	575	0.6202522926935921
585	576	0.36323585347432025
585	577	0.38573482429639055
585	578	0.3316535389171569
585	579	0.3193598302591827
585	580	0.4744751534425186
585	581	0.8390807729766259
585	582	0.8563516349976149
585	583	0.5978084854507871
585	584	2.235462094331372
585	585	2.0541658256479565
585	586	1.2422068868262044
585	587	2.5601106356336456
585	588	0.5106756696215614
585	590	0.1979230376450946
585	591	0.28722587990936554
585	592	8.28322709592145
585	593	0.23988309767053584
585	595	2.3609864304738437
585	596	0.0
585	597	0.8406937249562728
585	598	0.9679778569724916
585	599	0.08386961818254095
585	600	1.9957071937112416
585	601	0.17977732787406586
585	602	1.5570720508029892
585	603	0.8495393214342503
585	604	1.904504704245508
585	605	2.219835262362856
585	606	0.12286483006042295
585	607	0.0
585	608	6.388763717005883
585	609	0.0
585	610	1.6046805505644777
585	611	0.359232997694387
585	612	0.28356255207505165
585	613	0.1540540069963428
585	614	4.386216239465734
585	615	0.7496660496501828
585	616	0.4211785894021307
585	617	0.8021965391954206
585	618	5.007905116075689
585	619	0.128588634123072
585	620	0.14166861802353314
585	621	0.8442249709810781
585	622	6.2259620094609645
585	623	0.14479196434250274
585	624	0.8206724534902209
585	625	0.8588596354746382
585	626	2.4507709828669104
585	627	2.4783652037287327
585	628	0.8663665439656543
585	629	0.5111278555811735
585	630	0.09872649089680396
585	631	0.6170240578788361
585	632	0.08970685721100333
585	633	2.3914429418429006
585	634	0.247426522897122
585	635	0.5736755849499126
585	636	0.18446312430434086
585	637	0.24999590256797585
585	638	1.9990900419383049
585	639	1.2312930446016854
585	640	0.4944404843774846
585	641	0.3625443663539513
585	642	0.886375384202576
585	643	0.8677860349419622
585	644	0.5395969241930355
585	645	0.05205111027190333
585	646	0.2449363923119733
585	647	1.2724676063364604
585	648	5.439383755764033
585	649	0.9280526337653046
585	650	0.3731816137303227
585	651	1.1014302094927648
585	652	1.130730616552711
585	653	0.9080290314437908
585	654	4.632233371760217
586	1	17.65194290387979
586	2	41.85372717622039
586	3	66.7096706956591
586	572	0.3334397511528065
586	573	0.38712246024805214
586	574	0.7963204525759262
586	575	0.9020620414612815
586	576	0.3491007690014311
586	577	0.4152053838050564
586	578	0.3055891361901733
586	579	0.4145465286611544
586	580	0.5932555477818413
586	581	1.2144277514310702
586	582	2.478667437986961
586	583	1.6336748386070918
586	584	1.6859341719669263
586	585	1.2422068868262044
586	586	4.5979107481316595
586	587	2.3418811852043246
586	588	1.1035256485530291
586	590	0.5680217065511209
586	591	0.4338646587295277
586	592	11.138406940093816
586	593	0.5982878647241214
586	595	3.3900342544522184
586	596	0.0
586	597	0.8836677071076484
586	598	1.5952460246064557
586	599	0.17693213030688504
586	600	2.6662476929957064
586	601	0.2502888134043568
586	602	2.8455681731992364
586	603	1.7595029629114325
586	604	3.5604407664175546
586	605	3.7389058226665597
586	606	0.3432479909365559
586	607	0.0
586	608	8.192946071314994
586	609	0.0
586	610	2.404370643186516
586	611	0.6540706745905549
586	612	0.5787001323739863
586	613	0.37706948064080137
586	614	6.246527147201463
586	615	1.1485430139926858
586	616	0.7694317039672443
586	617	1.2772497447924949
586	618	7.57658009162824
586	619	0.3484504603275561
586	620	0.3001403730720305
586	621	1.5057310744951502
586	622	9.13037340574813
586	623	0.22184460725075528
586	624	1.342887411551916
586	625	1.342552545317221
586	626	3.8203785444824296
586	627	3.8139073127683263
586	628	1.3331724059866432
586	629	0.8579102003498171
586	630	0.23316557222928924
586	631	0.9610435619732868
586	632	0.2414517633964064
586	633	3.566428734099221
586	634	0.5148758711639371
586	635	0.9431526923994276
586	636	0.4331809411273652
586	637	0.4815135599856893
586	638	3.0042217349737634
586	639	1.8788769484417236
586	640	0.7793339549212911
586	641	0.5939291650103355
586	642	1.289889973962474
586	643	1.2502133753378917
586	644	0.9531310846318968
586	645	0.09831237557640322
586	646	0.4732312535776753
586	647	1.831575344649388
586	648	7.9579002756797586
586	649	1.466912230680553
586	650	0.6304350232548895
586	651	1.5999675608204802
586	652	1.7139603780410242
586	653	1.369082342184767
586	654	6.566955286214024
587	1	22.08120926677532
587	2	62.73522027428845
587	3	102.0191940658292
587	572	0.5570519237955159
587	573	0.8679903732707902
587	574	1.7422748332405789
587	575	1.6856591310224198
587	576	0.6603872928923517
587	577	0.8488618194466528
587	578	0.5716283169025281
587	579	0.7637599556765781
587	580	1.2249531177452695
587	581	2.49979042713468
587	582	2.6726668689378283
587	583	1.8041901238273172
587	584	2.2211879354825887
587	585	2.5601106356336456
587	586	2.3418811852043246
587	587	5.585425835585943
587	588	1.6074783540705992
587	590	0.6311785661472411
587	591	0.3489966574574654
587	592	6.95724227122754
