$OR;D2
* From-Time To-Time
0.00  8.00
* Factor
1
*To From Factor
1	1	0.0
1	2	0.0
1	3	0.0
1	572	7.3670100000000005
1	573	4.966815
1	574	10.149935000000001
1	575	10.759519000000001
1	576	5.864251
1	577	5.886868
1	578	4.910228
1	579	6.675969
1	580	8.289475999999999
1	581	19.671406
1	582	18.799444
1	583	20.233624
1	584	29.169794
1	585	16.101341
1	586	21.002598000000003
1	587	29.358696000000002
1	588	7.8270800000000005
1	590	6.3032699999999995
1	591	7.438167999999999
1	592	133.531464
1	593	8.432523
1	595	41.508942
1	596	0.0
1	597	13.938266
1	598	18.222689000000003
1	599	1.510536
1	600	30.852746999999997
1	601	4.011893
1	602	25.379641
1	603	14.423945000000002
1	604	30.907823999999998
1	605	37.941105
1	606	7.767744
1	607	0.0
1	608	139.465347
1	609	0.0
1	610	42.809959
1	611	15.763259
1	612	15.018867000000002
1	613	4.2632699999999994
1	614	103.928673
1	615	19.833014000000002
1	616	10.851052000000001
1	617	20.48135
1	618	131.10794099999998
1	619	5.64836
1	620	5.7414819999999995
1	621	23.613602
1	622	161.2995
1	623	5.093255999999999
1	624	23.79561
1	625	24.401447
1	626	78.22829399999999
1	627	85.550163
1	628	44.213608
1	629	25.563292
1	630	8.370591000000001
1	631	26.379469
1	632	7.192444
1	633	95.61776
1	634	14.862129999999999
1	635	31.852381
1	636	11.298905
1	637	14.237479
1	638	85.229683
1	639	50.709869
1	640	23.399942000000003
1	641	17.720802
1	642	39.812607
1	643	45.738617
1	644	35.273018
1	645	3.5431
1	646	16.243267000000003
1	647	56.747475
1	648	203.13588000000001
1	649	46.139998999999996
1	650	22.977342999999998
1	651	54.561714
1	652	56.294380000000004
1	653	41.747875
1	654	148.85073899999998
2	1	0.0
2	2	0.0
2	3	0.0
2	572	16.98856
2	573	12.119605
2	574	24.444971
2	575	27.048775
2	576	14.773933999999999
2	577	14.952157000000001
2	578	11.861519
2	579	17.779573000000003
2	580	22.747725
2	581	42.111796999999996
2	582	29.250431
2	583	22.742121
2	584	67.38849599999999
2	585	37.545654
2	586	39.837978
2	587	63.549278
2	588	16.031489999999998
2	590	7.895166000000001
2	591	9.187466
2	592	222.041092
2	593	11.314362
2	595	75.921059
2	596	0.0
2	597	32.311443
2	598	36.796383
2	599	3.3982370000000004
2	600	62.597225
2	601	10.366885
2	602	46.839096000000005
2	603	22.712553
2	604	55.08414499999999
2	605	60.180923
2	606	5.561071
2	607	0.0
2	608	121.12841
2	609	0.0
2	610	27.647106
2	611	10.104983
2	612	8.732467999999999
2	613	4.950543
2	614	106.528374
2	615	21.247602
2	616	11.239384
2	617	19.070272
2	618	100.816582
2	619	4.866733999999999
2	620	4.073716
2	621	20.407932000000002
2	622	98.955841
2	623	2.871292
2	624	16.580238
2	625	17.45668
2	626	49.458121999999996
2	627	47.79586
2	628	19.848169
2	629	13.1324
2	630	3.760314
2	631	14.112145000000002
2	632	3.789504
2	633	47.804314
2	634	7.348903999999999
2	635	14.740287
2	636	6.031408
2	637	7.317132000000001
2	638	39.858414
2	639	24.769686
2	640	10.704833
2	641	8.199009
2	642	18.375961
2	643	20.642532
2	644	15.982528
2	645	1.600917
2	646	7.397324
2	647	26.143528
2	648	92.775337
2	649	20.983002
2	650	9.74732
2	651	23.59832
2	652	24.307983
2	653	18.846735
2	654	82.414009
3	1	0.0
3	2	0.0
3	3	0.0
3	572	29.332221999999998
3	573	17.565998
3	574	37.109444
3	575	30.132811
3	576	21.47937
3	577	21.761236
3	578	17.278301000000003
3	579	21.791801
3	580	34.397804
3	581	82.729431
3	582	42.047112
3	583	32.388206
3	584	98.06910699999999
3	585	54.791878000000004
3	586	57.457329
3	587	92.765984
3	588	22.853765
3	590	11.756122
3	591	13.862924
3	592	338.00878900000004
3	593	17.178677
3	595	115.663284
3	596	0.0
3	597	40.658783
3	598	56.213085
3	599	4.8318959999999995
3	600	91.492386
3	601	11.489533
3	602	71.356247
3	603	33.86565
3	604	79.676048
3	605	86.958649
3	606	8.33265
3	607	0.0
3	608	180.185974
3	609	0.0
3	610	41.174202
3	611	15.091123999999999
3	612	13.003622
3	613	7.43302
3	614	160.507263
3	615	32.11245
3	616	16.082659
3	617	28.568895
3	618	151.048004
3	619	6.896141
3	620	5.75873
3	621	29.045731
3	622	141.88064599999998
3	623	4.237092
3	624	24.376135
3	625	24.949261
3	626	70.031174
3	627	70.902039
3	628	29.287357
3	629	19.455463
3	630	5.558805
3	631	21.011671
3	632	5.643427
3	633	71.140045
3	634	10.913026
3	635	21.884871
3	636	8.927505
3	637	10.79454
3	638	59.099674
3	639	36.442454999999995
3	640	15.724813000000001
3	641	12.039883999999999
3	642	26.959515000000003
3	643	29.972233000000003
3	644	23.318018
3	645	2.327245
3	646	10.838007000000001
3	647	38.29739
3	648	137.130142
3	649	30.781246000000003
3	650	14.35837
3	651	34.667519
3	652	36.002937
3	653	27.780072999999998
3	654	122.10163100000001
572	1	7.3670100000000005
572	2	16.98856
572	3	29.332221999999998
572	572	1.1886219999999998
572	573	0.24856399999999998
572	574	0.595512
572	575	0.236035
572	576	0.23686100000000002
572	577	0.21338800000000002
572	578	0.183131
572	579	0.18392
572	580	0.243484
572	581	0.598195
572	582	0.281095
572	583	0.18653
572	584	0.9727049999999999
572	585	0.550029
572	586	0.42587200000000003
572	587	0.8421350000000001
572	588	0.18248399999999998
572	590	0.068655
572	591	0.071672
572	592	1.9266590000000001
572	593	0.09085399999999999
572	595	0.690546
572	596	0.0
572	597	0.35438200000000003
572	598	0.356212
572	599	0.034929
572	600	0.716675
572	601	0.089156
572	602	0.46828800000000004
572	603	0.22579899999999997
572	604	0.567137
572	605	0.587973
572	606	0.039392
572	607	0.0
572	608	0.844626
572	609	0.0
572	610	0.19930599999999998
572	611	0.069957
572	612	0.059316999999999995
572	613	0.037127
572	614	0.7963359999999999
572	615	0.16112100000000001
572	616	0.09363099999999999
572	617	0.13933099999999998
572	618	0.718309
572	619	0.037206
572	620	0.030382
572	621	0.162643
572	622	0.734739
572	623	0.020347999999999998
572	624	0.127493
572	625	0.134968
572	626	0.35690900000000003
572	627	0.32312199999999996
572	628	0.1293
572	629	0.087522
572	630	0.024593
572	631	0.09454800000000001
572	632	0.025527
572	633	0.31763600000000003
572	634	0.048492
572	635	0.09677899999999999
572	636	0.040898000000000004
572	637	0.047921
572	638	0.260213
572	639	0.159077
572	640	0.067897
572	641	0.051924
572	642	0.115105
572	643	0.12236300000000001
572	644	0.097437
572	645	0.009559999999999999
572	646	0.04614
572	647	0.164159
572	648	0.598236
572	649	0.13192
572	650	0.062805
572	651	0.149049
572	652	0.157476
572	653	0.12299500000000001
572	654	0.554983
573	1	4.966815
573	2	12.119605
573	3	17.565998
573	572	0.24856399999999998
573	573	0.5523600000000001
573	574	0.38921500000000003
573	575	0.185004
573	576	0.193938
573	577	0.17318499999999998
573	578	0.148393
573	579	0.146873
573	580	0.17968599999999998
573	581	0.301658
573	582	0.21230700000000002
573	583	0.138
573	584	0.7777930000000001
573	585	0.44075200000000003
573	586	0.326924
573	587	0.662495
573	588	0.141576
573	590	0.051186
573	591	0.053235000000000005
573	592	1.452599
573	593	0.067707
573	595	0.524568
573	596	0.0
573	597	0.27881999999999996
573	598	0.273404
573	599	0.027208999999999997
573	600	0.556657
573	601	0.070016
573	602	0.358529
573	603	0.171415
573	604	0.432695
573	605	0.44507700000000006
573	606	0.0289
573	607	0.0
573	608	0.619002
573	609	0.0
573	610	0.146127
573	611	0.051182
573	612	0.043307
573	613	0.027443000000000002
573	614	0.588061
573	615	0.11916700000000001
573	616	0.069373
573	617	0.10263800000000001
573	618	0.527212
573	619	0.027302999999999997
573	620	0.022234999999999998
573	621	0.119893
573	622	0.537567
573	623	0.014856999999999999
573	624	0.093632
573	625	0.09913999999999999
573	626	0.260392
573	627	0.235904
573	628	0.094051
573	629	0.06379
573	630	0.017894
573	631	0.068902
573	632	0.018616999999999998
573	633	0.231233
573	634	0.035283
573	635	0.070371
573	636	0.029824
573	637	0.034852999999999995
573	638	0.189112
573	639	0.11553
573	640	0.049227999999999994
573	641	0.03765
573	642	0.083368
573	643	0.088168
573	644	0.070391
573	645	0.006893000000000001
573	646	0.033399
573	647	0.11877599999999999
573	648	0.43433599999999994
573	649	0.095622
573	650	0.045637
573	651	0.10807
573	652	0.114401
573	653	0.089516
573	654	0.40522600000000003
574	1	10.149935000000001
574	2	24.444971
574	3	37.109444
574	572	0.595512
574	573	0.38921500000000003
574	574	2.50549
574	575	0.359541
574	576	0.368185
574	577	0.330391
574	578	0.283348
574	579	0.282683
574	580	0.346024
574	581	0.684539
574	582	0.42148
574	583	0.276843
574	584	1.496029
574	585	0.8467629999999999
574	586	0.643508
574	587	1.289649
574	588	0.277138
574	590	0.102267
574	591	0.10653499999999999
574	592	2.883659
574	593	0.135217
574	595	1.037213
574	596	0.0
574	597	0.540846
574	598	0.5375850000000001
574	599	0.053126
574	600	1.089083
574	601	0.13588599999999998
574	602	0.70667
574	603	0.339062
574	604	0.853943
574	605	0.8828600000000001
574	606	0.058136
574	607	0.0
574	608	1.247953
574	609	0.0
574	610	0.29380500000000004
574	611	0.102817
574	612	0.08712400000000001
574	613	0.055071
574	614	1.1803270000000001
574	615	0.238958
574	616	0.139204
574	617	0.206129
574	618	1.0590680000000001
574	619	0.05501
574	620	0.044864
574	621	0.240708
574	622	1.084822
574	623	0.030014999999999997
574	624	0.188068
574	625	0.199193
574	626	0.52628
574	627	0.47579099999999996
574	628	0.19003599999999998
574	629	0.128684
574	630	0.036114
574	631	0.138566
574	632	0.037431
574	633	0.465034
574	634	0.071048
574	635	0.14168
574	636	0.06015499999999999
574	637	0.07045900000000001
574	638	0.38100500000000004
574	639	0.23379
574	640	0.099665
574	641	0.076226
574	642	0.16880499999999998
574	643	0.17936400000000002
574	644	0.142955
574	645	0.014018000000000001
574	646	0.067705
574	647	0.240612
574	648	0.876397
574	649	0.193733
574	650	0.092266
574	651	0.218714
574	652	0.23038899999999998
574	653	0.18099400000000002
574	654	0.81787
575	1	10.759519000000001
575	2	27.048775
575	3	30.132811
575	572	0.236035
575	573	0.185004
575	574	0.359541
575	575	2.1291349999999998
575	576	0.23971599999999998
575	577	0.24692399999999998
575	578	0.283134
575	579	0.402712
575	580	0.39313400000000004
575	581	0.534051
575	582	0.497647
575	583	0.313319
575	584	1.736745
575	585	0.867873
575	586	0.786363
575	587	1.31189
575	588	0.346573
575	590	0.117569
575	591	0.13446
575	592	3.810946
575	593	0.170955
575	595	1.408588
575	596	0.0
575	597	0.9015270000000001
575	598	0.755657
575	599	0.084133
575	600	1.360113
575	601	0.259424
575	602	0.887225
575	603	0.40131
575	604	1.029454
575	605	1.046684
575	606	0.070127
575	607	0.0
575	608	1.521289
575	609	0.0
575	610	0.337833
575	611	0.12251500000000001
575	612	0.103288
575	613	0.068726
575	614	1.455969
575	615	0.295131
575	616	0.15777
575	617	0.253618
575	618	1.270435
575	619	0.061230999999999994
575	620	0.049666
575	621	0.270523
575	622	1.20045
575	623	0.033281
575	624	0.209835
575	625	0.222331
575	626	0.5787800000000001
575	627	0.5688350000000001
575	628	0.224487
575	629	0.152693
575	630	0.04255
575	631	0.162645
575	632	0.044057
575	633	0.543244
575	634	0.083125
575	635	0.165177
575	636	0.06929199999999999
575	637	0.082689
575	638	0.44422
575	639	0.274204
575	640	0.11621
575	641	0.088888
575	642	0.195864
575	643	0.206367
575	644	0.166381
575	645	0.016242
575	646	0.07902999999999999
575	647	0.274687
575	648	1.0217479999999999
575	649	0.227073
575	650	0.108645
575	651	0.255835
575	652	0.267538
575	653	0.214871
575	654	0.982775
576	1	5.864251
576	2	14.773933999999999
576	3	21.47937
576	572	0.23686100000000002
576	573	0.193938
576	574	0.368185
576	575	0.23971599999999998
576	576	0.72009
576	577	0.232473
576	578	0.198828
576	579	0.192232
576	580	0.23500700000000002
576	581	0.378766
576	582	0.265187
576	583	0.16983
576	584	1.028612
576	585	0.5841109999999999
576	586	0.413087
576	587	0.8615709999999999
576	588	0.18091300000000002
576	590	0.063202
576	591	0.065588
576	592	1.813016
576	593	0.08342100000000001
576	595	0.659273
576	596	0.0
576	597	0.361865
576	598	0.34682199999999996
576	599	0.034798
576	600	0.7111890000000001
576	601	0.08999700000000001
576	602	0.454721
576	603	0.215692
576	604	0.543198
576	605	0.555476
576	606	0.03506
576	607	0.0
576	608	0.7545029999999999
576	609	0.0
576	610	0.176871
576	611	0.061338
576	612	0.051870000000000006
576	613	0.033686
576	614	0.720521
576	615	0.146145
576	616	0.084982
576	617	0.12517
576	618	0.637091
576	619	0.033364
576	620	0.027108999999999998
576	621	0.146514
576	622	0.6553220000000001
576	623	0.018078999999999998
576	624	0.11345799999999999
576	625	0.120315
576	626	0.316564
576	627	0.285005
576	628	0.11318800000000001
576	629	0.07677300000000001
576	630	0.021463999999999997
576	631	0.082026
576	632	0.022188
576	633	0.274552
576	634	0.042013
576	635	0.083607
576	636	0.03589
576	637	0.042007
576	638	0.22491599999999998
576	639	0.139156
576	640	0.059144
576	641	0.045235000000000004
576	642	0.099896
576	643	0.105952
576	644	0.084678
576	645	0.008288
576	646	0.040139999999999995
576	647	0.142512
576	648	0.517824
576	649	0.115067
576	650	0.054874
576	651	0.129669
576	652	0.135665
576	653	0.108126
576	654	0.49081
577	1	5.886868
577	2	14.952157000000001
577	3	21.761236
577	572	0.21338800000000002
577	573	0.17318499999999998
577	574	0.330391
577	575	0.24692399999999998
577	576	0.232473
577	577	0.704986
577	578	0.20677800000000002
577	579	0.198259
577	580	0.242325
577	581	0.3879
577	582	0.27028800000000003
577	583	0.1725
577	584	1.0657379999999999
577	585	0.605557
577	586	0.42223599999999994
577	587	0.886898
577	588	0.18549000000000002
577	590	0.064237
577	591	0.066603
577	592	1.847335
577	593	0.084905
577	595	0.673002
577	596	0.0
577	597	0.373128
577	598	0.354925
577	599	0.03567
577	600	0.7290439999999999
577	601	0.092695
577	602	0.465409
577	603	0.220387
577	604	0.55443
577	605	0.56583
577	606	0.035457999999999996
577	607	0.0
577	608	0.764081
577	609	0.0
577	610	0.178896
577	611	0.061850999999999996
577	612	0.052299
577	613	0.034176
577	614	0.730599
577	615	0.148222
577	616	0.086133
577	617	0.12678
577	618	0.6437579999999999
577	619	0.033826
577	620	0.027467000000000002
577	621	0.148551
577	622	0.6639510000000001
577	623	0.018308
577	624	0.11478800000000002
577	625	0.121773
577	626	0.3205
577	627	0.287994
577	628	0.11425199999999999
577	629	0.077488
577	630	0.021648
577	631	0.082566
577	632	0.022344
577	633	0.276196
577	634	0.042288
577	635	0.084109
577	636	0.036262
577	637	0.042416
577	638	0.22637800000000002
577	639	0.140494
577	640	0.059678999999999996
577	641	0.045641
577	642	0.100726
577	643	0.106905
577	644	0.085463
577	645	0.008364
577	646	0.040501999999999996
577	647	0.1438
577	648	0.521456
577	649	0.11613599999999999
577	650	0.055366
577	651	0.13078499999999998
577	652	0.13643
577	653	0.109249
577	654	0.496274
578	1	4.910228
578	2	11.861519
578	3	17.278301000000003
578	572	0.183131
578	573	0.148393
578	574	0.283348
578	575	0.283134
578	576	0.198828
578	577	0.20677800000000002
578	578	0.5556909999999999
578	579	0.145637
578	580	0.17816500000000002
578	581	0.29372800000000004
578	582	0.25405
578	583	0.160109
578	584	1.03915
578	585	0.591355
578	586	0.400995
578	587	0.85614
578	588	0.177317
578	590	0.059913
578	591	0.065981
578	592	1.8636560000000002
578	593	0.084315
578	595	0.685747
578	596	0.0
578	597	0.43092700000000006
578	598	0.366668
578	599	0.040164
578	600	0.697745
578	601	0.08231799999999999
578	602	0.440496
578	603	0.20733000000000001
578	604	0.524452
578	605	0.5327770000000001
578	606	0.034627
578	607	0.0
578	608	0.746023
578	609	0.0
578	610	0.165742
578	611	0.060239999999999995
578	612	0.050809
578	613	0.033686
578	614	0.718379
578	615	0.145929
578	616	0.080089
578	617	0.124395
578	618	0.6267149999999999
578	619	0.031254000000000004
578	620	0.025342
578	621	0.137648
578	622	0.612544
578	623	0.01687
578	624	0.10619100000000001
578	625	0.112649
578	626	0.295158
578	627	0.279489
578	628	0.110425
578	629	0.075089
578	630	0.020938
578	631	0.080104
578	632	0.021691
578	633	0.267698
578	634	0.040951
578	635	0.08140700000000001
578	636	0.034085000000000004
578	637	0.040675
578	638	0.21891100000000002
578	639	0.134908
578	640	0.057214999999999995
578	641	0.043761
578	642	0.096478
578	643	0.10221000000000001
578	644	0.081949
578	645	0.008003
578	646	0.038918
578	647	0.136542
578	648	0.50345
578	649	0.111768
578	650	0.053459000000000007
578	651	0.125967
578	652	0.131894
578	653	0.10561
578	654	0.48259799999999997
579	1	6.675969
579	2	17.779573000000003
579	3	21.791801
579	572	0.18392
579	573	0.146873
579	574	0.282683
579	575	0.402712
579	576	0.192232
579	577	0.198259
579	578	0.145637
579	579	0.80994
579	580	0.33492
579	581	0.42603500000000005
579	582	0.24508899999999997
579	583	0.15981700000000001
579	584	0.784311
579	585	0.42999
579	586	0.376223
579	587	0.659768
579	588	0.163331
579	590	0.059035000000000004
579	591	0.068884
579	592	1.9086020000000001
579	593	0.087288
579	595	0.696585
579	596	0.0
579	597	0.406773
579	598	0.367325
579	599	0.038605
579	600	0.640954
579	601	0.160582
579	602	0.43721899999999997
579	603	0.197179
579	604	0.49722299999999997
579	605	0.512087
579	606	0.036642
579	607	0.0
579	608	0.79388
579	609	0.0
579	610	0.17632
579	611	0.064325
579	612	0.054377999999999996
579	613	0.03544
579	614	0.753027
579	615	0.152391
579	616	0.079778
579	617	0.131521
579	618	0.663907
579	619	0.031606
579	620	0.025736000000000002
579	621	0.138216
579	622	0.622178
579	623	0.017526
579	624	0.10729200000000001
579	625	0.113778
579	626	0.301371
579	627	0.298904
579	628	0.118621
579	629	0.080461
579	630	0.022494
579	631	0.085923
579	632	0.023252000000000002
579	633	0.287526
579	634	0.043993
579	635	0.087528
579	636	0.036565
579	637	0.043692
579	638	0.235525
579	639	0.14518599999999998
579	640	0.061676999999999996
579	641	0.047178
579	642	0.10416700000000001
579	643	0.11083499999999999
579	644	0.088621
579	645	0.008671
579	646	0.042001
579	647	0.146303
579	648	0.542138
579	649	0.120503
579	650	0.057489
579	651	0.135801
579	652	0.142057
579	653	0.113383
579	654	0.516095
580	1	8.289475999999999
580	2	22.747725
580	3	34.397804
580	572	0.243484
580	573	0.17968599999999998
580	574	0.346024
580	575	0.39313400000000004
580	576	0.23500700000000002
580	577	0.242325
580	578	0.17816500000000002
580	579	0.33492
580	580	1.114196
580	581	0.865381
580	582	0.277636
580	583	0.18310099999999999
580	584	0.9377610000000001
580	585	0.529818
580	586	0.42246000000000006
580	587	0.81329
580	588	0.18190699999999999
580	590	0.068607
580	591	0.079821
580	592	2.193018
580	593	0.101229
580	595	0.795729
580	596	0.0
580	597	0.407074
580	598	0.41700699999999996
580	599	0.041716
580	600	0.714087
580	601	0.155449
580	602	0.499101
580	603	0.225748
580	604	0.560767
580	605	0.580469
580	606	0.042961
580	607	0.0
580	608	0.9240790000000001
580	609	0.0
580	610	0.20633800000000002
580	611	0.075478
580	612	0.06384400000000001
580	613	0.041099000000000004
580	614	0.877916
580	615	0.177499
580	616	0.091737
580	617	0.153044
580	618	0.778825
580	619	0.036411
580	620	0.029702
580	621	0.15903599999999998
580	622	0.718184
580	623	0.020575
580	624	0.125617
580	625	0.131474
580	626	0.34857899999999997
580	627	0.349559
580	628	0.139078
580	629	0.09433899999999999
580	630	0.026409
580	631	0.10124
580	632	0.027364999999999997
580	633	0.339208
580	634	0.051859
580	635	0.103295
580	636	0.042889
580	637	0.051223000000000005
580	638	0.27767600000000003
580	639	0.17022400000000001
580	640	0.072439
580	641	0.0554
580	642	0.12248599999999998
580	643	0.130321
580	644	0.104098
580	645	0.010192
580	646	0.049343
580	647	0.172098
580	648	0.638826
580	649	0.141438
580	650	0.067469
580	651	0.159549
580	652	0.167708
580	653	0.13263699999999998
580	654	0.6027020000000001
581	1	19.671406
581	2	42.111796999999996
581	3	82.729431
581	572	0.598195
581	573	0.301658
581	574	0.684539
581	575	0.534051
581	576	0.378766
581	577	0.3879
581	578	0.29372800000000004
581	579	0.42603500000000005
581	580	0.865381
581	581	5.531781
581	582	0.549427
581	583	0.376659
581	584	1.598392
581	585	0.899041
581	586	0.8121079999999999
581	587	1.420587
581	588	0.336902
581	590	0.144849
581	591	0.173006
581	592	4.639136
581	593	0.219198
581	595	1.660934
581	596	0.0
581	597	0.636572
581	598	0.85539
581	599	0.076212
581	600	1.371109
581	601	0.20757899999999999
581	602	1.036721
581	603	0.460527
581	604	1.095791
581	605	1.149243
581	606	0.095269
581	607	0.0
581	608	2.043116
581	609	0.0
581	610	0.460161
581	611	0.168918
581	612	0.143267
581	613	0.089684
581	614	1.923975
581	615	0.389179
581	616	0.18848399999999998
581	617	0.336316
581	618	1.7275349999999998
581	619	0.076102
581	620	0.062409000000000006
581	621	0.33026500000000003
581	622	1.540951
581	623	0.045745
581	624	0.272584
581	625	0.27755599999999997
581	626	0.742203
581	627	0.780424
581	628	0.312665
581	629	0.211448
581	630	0.059475
581	631	0.2284
581	632	0.061666
581	633	0.767352
581	634	0.117173
581	635	0.233854
581	636	0.09627000000000001
581	637	0.115032
581	638	0.628807
581	639	0.383306
581	640	0.163526
581	641	0.125129
581	642	0.277494
581	643	0.296223
581	644	0.23575300000000002
581	645	0.02314
581	646	0.11153199999999999
581	647	0.390811
581	648	1.4458959999999998
581	649	0.319179
581	650	0.151952
581	651	0.36063
581	652	0.38090999999999997
581	653	0.297532
581	654	1.343931
582	1	18.799444
582	2	29.250431
582	3	42.047112
582	572	0.281095
582	573	0.21230700000000002
582	574	0.42148
582	575	0.497647
582	576	0.265187
582	577	0.27028800000000003
582	578	0.25405
582	579	0.24508899999999997
582	580	0.277636
582	581	0.549427
582	582	11.788072
582	583	2.453184
582	584	1.9410759999999998
582	585	1.0171059999999998
582	586	2.900026
582	587	2.32134
582	588	0.80513
582	590	1.056505
582	591	0.751868
582	592	14.635326999999998
582	593	0.896185
582	595	4.173731
582	596	0.0
582	597	0.743334
582	598	1.6111950000000002
582	599	0.10936099999999999
582	600	2.992732
582	601	0.155201
582	602	3.110407
582	603	2.256144
582	604	5.544304
582	605	8.556127
582	606	0.364953
582	607	0.0
582	608	7.256405
582	609	0.0
582	610	2.22536
582	611	0.734701
582	612	0.6032569999999999
582	613	0.31361999999999995
582	614	7.522677000000001
582	615	1.5530760000000001
582	616	1.268095
582	617	1.64925
582	618	7.99483
582	619	0.423421
582	620	0.330679
582	621	1.999757
582	622	7.974741000000001
582	623	0.21332199999999998
582	624	1.465494
582	625	1.556858
582	626	3.680589
582	627	3.300082
582	628	1.2429459999999999
582	629	0.869539
582	630	0.236855
582	631	0.932941
582	632	0.254666
582	633	3.0835049999999997
582	634	0.46753999999999996
582	635	0.9236409999999999
582	636	0.418472
582	637	0.46469099999999997
582	638	2.466868
582	639	1.497121
582	640	0.623296
582	641	0.475703
582	642	1.035628
582	643	1.031441
582	644	0.851562
582	645	0.081361
582	646	0.415246
582	647	1.50746
582	648	5.589821
582	649	1.202726
582	650	0.593655
582	651	1.365969
582	652	1.474183
582	653	1.192122
582	654	5.416976
583	1	20.233624
583	2	22.742121
583	3	32.388206
583	572	0.18653
583	573	0.138
583	574	0.276843
583	575	0.313319
583	576	0.16983
583	577	0.1725
583	578	0.160109
583	579	0.15981700000000001
583	580	0.18310099999999999
583	581	0.376659
583	582	2.453184
583	583	14.173085999999998
583	584	1.178709
583	585	0.623582
583	586	1.54407
583	587	1.381969
583	588	0.454459
583	590	1.093969
583	591	0.709421
583	592	9.095187
583	593	0.6902590000000001
583	595	2.620654
583	596	0.0
583	597	0.46447299999999997
583	598	0.933715
583	599	0.065413
583	600	1.7014369999999999
583	601	0.10053200000000001
583	602	1.861659
583	603	1.598308
583	604	2.763429
583	605	4.922528
583	606	0.584399
583	607	0.0
583	608	9.631158000000001
583	609	0.0
583	610	3.591957
583	611	1.18163
583	612	0.9606819999999999
583	613	0.33727199999999996
583	614	10.697650999999999
583	615	2.411283
583	616	2.177965
583	617	2.729956
583	618	13.014925999999999
583	619	1.150572
583	620	0.697395
583	621	3.3121400000000003
583	622	14.638423999999999
583	623	0.336325
583	624	2.386295
583	625	2.535326
583	626	6.598914
583	627	5.231207
583	628	1.9387
583	629	1.3701379999999999
583	630	0.37046399999999996
583	631	1.477941
583	632	0.40448
583	633	4.869197
583	634	0.735322
583	635	1.450402
583	636	0.659249
583	637	0.724351
583	638	3.863088
583	639	2.3208729999999997
583	640	0.960151
583	641	0.733568
583	642	1.591357
583	643	1.555004
583	644	1.2956969999999999
583	645	0.12294000000000001
583	646	0.637207
583	647	2.312567
583	648	8.701495
583	649	1.8514490000000001
583	650	0.9218280000000001
583	651	2.104901
583	652	2.304074
583	653	1.859288
583	654	8.548141000000001
584	1	29.169794
584	2	67.38849599999999
584	3	98.06910699999999
584	572	0.9727049999999999
584	573	0.7777930000000001
584	574	1.496029
584	575	1.736745
584	576	1.028612
584	577	1.0657379999999999
584	578	1.03915
584	579	0.784311
584	580	0.9377610000000001
584	581	1.598392
584	582	1.9410759999999998
584	583	1.178709
584	584	21.84696
584	585	4.045858
584	586	3.163185
584	587	6.18129
584	588	1.430479
584	590	0.447036
584	591	0.43645600000000007
584	592	12.446548
584	593	0.5589109999999999
584	595	4.379901
584	596	0.0
584	597	2.642262
584	598	2.25525
584	599	0.364507
584	600	5.645405
584	601	0.505687
584	602	3.461613
584	603	1.6027870000000002
584	604	4.0865
584	605	4.085928
584	606	0.227625
584	607	0.0
584	608	4.895382
584	609	0.0
584	610	1.198799
584	611	0.401433
584	612	0.338065
584	613	0.222257
584	614	4.734437000000001
584	615	0.9625940000000001
584	616	0.590279
584	617	0.831825
584	618	4.217307
584	619	0.22690500000000002
584	620	0.183162
584	621	1.007196
584	622	4.425967
584	623	0.121465
584	624	0.772238
584	625	0.8194
584	626	2.121467
584	627	1.859848
584	628	0.732629
584	629	0.499025
584	630	0.138934
584	631	0.532235
584	632	0.144196
584	633	1.7772849999999998
584	634	0.271778
584	635	0.540017
584	636	0.24022600000000002
584	637	0.274024
584	638	1.451642
584	639	0.9018700000000001
584	640	0.380384
584	641	0.29119
584	642	0.641313
584	643	0.673689
584	644	0.541158
584	645	0.052773
584	646	0.257723
584	647	0.938011
584	648	3.336009
584	649	0.739645
584	650	0.354373
584	651	0.8337549999999999
584	652	0.874028
584	653	0.700914
584	654	3.159395
585	1	16.101341
585	2	37.545654
585	3	54.791878000000004
585	572	0.550029
585	573	0.44075200000000003
585	574	0.8467629999999999
585	575	0.867873
585	576	0.5841109999999999
585	577	0.605557
585	578	0.591355
585	579	0.42999
585	580	0.529818
585	581	0.899041
585	582	1.0171059999999998
585	583	0.623582
585	584	4.045858
585	585	6.450709
585	586	1.643576
585	587	3.6883980000000003
585	588	0.739136
585	590	0.23562600000000003
585	591	0.230629
585	592	6.534530999999999
585	593	0.295148
585	595	2.2928669999999998
585	596	0.0
585	597	1.3172709999999999
585	598	1.1521350000000001
585	599	0.132927
585	600	2.914295
585	601	0.253958
585	602	1.802236
585	603	0.838463
585	604	2.129752
585	605	2.138316
585	606	0.120728
585	607	0.0
585	608	2.599607
585	609	0.0
585	610	0.635404
585	611	0.21256599999999998
585	612	0.17921800000000002
585	613	0.11765
585	614	2.5090779999999997
585	615	0.5099819999999999
585	616	0.311994
585	617	0.440377
585	618	2.2330490000000003
585	619	0.120451
585	620	0.097336
585	621	0.5332020000000001
585	622	2.352208
585	623	0.064609
585	624	0.408979
585	625	0.43406000000000006
585	626	1.128914
585	627	0.9879030000000001
585	628	0.38966999999999996
585	629	0.265047
585	630	0.073831
585	631	0.282019
585	632	0.07641
585	633	0.941823
585	634	0.14413299999999998
585	635	0.286356
585	636	0.127615
585	637	0.145789
585	638	0.7703810000000001
585	639	0.480259
585	640	0.202628
585	641	0.155116
585	642	0.341656
585	643	0.360083
585	644	0.28888800000000003
585	645	0.0282
585	646	0.137388
585	647	0.49978599999999995
585	648	1.772286
585	649	0.394169
585	650	0.188524
585	651	0.443975
585	652	0.46369399999999994
585	653	0.37304499999999996
585	654	1.679371
586	1	21.002598000000003
586	2	39.837978
586	3	57.457329
586	572	0.42587200000000003
586	573	0.326924
586	574	0.643508
586	575	0.786363
586	576	0.413087
586	577	0.42223599999999994
586	578	0.400995
586	579	0.376223
586	580	0.42246000000000006
586	581	0.8121079999999999
586	582	2.900026
586	583	1.54407
586	584	3.163185
586	585	1.643576
586	586	13.03236
586	587	3.849497
586	588	1.415469
586	590	0.6140140000000001
586	591	0.49072
586	592	14.758938
586	593	0.6365810000000001
586	595	5.302576999999999
586	596	0.0
586	597	1.182013
586	598	2.737942
586	599	0.181858
586	600	5.244839
586	601	0.23962600000000003
586	602	4.376409
586	603	1.9576
586	604	6.306865
586	605	5.933209
586	606	0.248533
586	607	0.0
586	608	5.26938
586	609	0.0
586	610	1.498047
586	611	0.49824300000000005
586	612	0.41525200000000007
586	613	0.245831
586	614	5.228221
586	615	1.069073
586	616	0.782998
586	617	1.068408
586	618	5.315173000000001
586	619	0.284553
586	620	0.22659
586	621	1.2943440000000002
586	622	5.4708760000000005
586	623	0.148544
586	624	0.9737120000000001
586	625	1.033896
586	626	2.58109
586	627	2.282134
586	628	0.8820690000000001
586	629	0.607531
586	630	0.167525
586	631	0.648473
586	632	0.176238
586	633	2.155313
586	634	0.328612
586	635	0.651153
586	636	0.292423
586	637	0.329953
586	638	1.7456610000000001
586	639	1.076916
586	640	0.451226
586	641	0.345233
586	642	0.756271
586	643	0.777187
586	644	0.631738
586	645	0.061069000000000005
586	646	0.303821
586	647	1.103831
586	648	3.989959
586	649	0.875575
586	650	0.42441999999999996
586	651	0.988826
586	652	1.0473780000000001
586	653	0.845195
586	654	3.7698699999999996
587	1	29.358696000000002
587	2	63.549278
587	3	92.765984
587	572	0.8421350000000001
587	573	0.662495
587	574	1.289649
587	575	1.31189
587	576	0.8615709999999999
587	577	0.886898
587	578	0.85614
587	579	0.659768
587	580	0.81329
587	581	1.420587
587	582	2.32134
587	583	1.381969
587	584	6.18129
587	585	3.6883980000000003
587	586	3.849497
587	587	22.321444
587	588	1.781106
587	590	0.528053
587	591	0.514181
587	592	14.870215
587	593	0.661564
587	595	5.25795
587	596	0.0
587	597	1.9891900000000002
587	598	2.6608560000000003
587	599	0.315025
587	600	7.064226
587	601	0.392905
587	602	4.209489
587	603	1.929202
587	604	4.939399
587	605	4.900530000000001
587	606	0.26514299999999996
587	607	0.0
587	608	5.697014
587	609	0.0
587	610	1.3943370000000002
587	611	0.46611099999999994
587	612	0.391945
587	613	0.26063600000000003
587	614	5.55526
587	615	1.131933
587	616	0.694001
587	617	0.972009
587	618	4.91087
587	619	0.264246
587	620	0.212848
587	621	1.1770450000000001
587	622	5.142621
587	623	0.14089400000000002
587	624	0.8994190000000001
587	625	0.954565
587	626	2.458801
587	627	2.1575860000000002
587	628	0.847239
587	629	0.5779770000000001
587	630	0.160658
587	631	0.615946
587	632	0.166991
587	633	2.055094
587	634	0.314159
587	635	0.623872
587	636	0.27825700000000003
587	637	0.31692800000000004
587	638	1.6768830000000001
587	639	1.041796
587	640	0.438907
587	641	0.335948
587	642	0.7391409999999999
587	643	0.774104
587	644	0.62297
587	645	0.06067
587	646	0.297088
587	647	1.080683
587	648	3.8510910000000003
587	649	0.853191
587	650	0.409395
587	651	0.961816
587	652	1.008783
587	653	0.811042
587	654	3.664921
588	1	7.8270800000000005
588	2	16.031489999999998
588	3	22.853765
588	572	0.18248399999999998
588	573	0.141576
588	574	0.277138
588	575	0.346573
588	576	0.18091300000000002
588	577	0.18549000000000002
588	578	0.177317
588	579	0.163331
588	580	0.18190699999999999
588	581	0.336902
588	582	0.80513
588	583	0.454459
588	584	1.430479
588	585	0.739136
588	586	1.415469
588	587	1.781106
588	588	1.723148
588	590	0.177124
588	591	0.170767
588	592	5.124119
588	593	0.22143600000000002
588	595	1.8392279999999999
588	596	0.0
588	597	0.522958
588	598	0.9510540000000001
588	599	0.08270599999999999
588	600	2.469374
588	601	0.104143
588	602	1.517506
588	603	0.678769
588	604	1.766518
588	605	1.712241
588	606	0.08585
588	607	0.0
588	608	1.8368529999999998
588	609	0.0
588	610	0.450867
588	611	0.15058
588	612	0.12603499999999998
588	613	0.085607
588	614	1.821246
588	615	0.37238499999999997
588	616	0.22950500000000001
588	617	0.31742800000000004
588	618	1.594005
588	619	0.085356
588	620	0.068369
588	621	0.38447800000000004
588	622	1.651327
588	623	0.045042
588	624	0.291944
588	625	0.30981
588	626	0.784338
588	627	0.691804
588	628	0.26956399999999997
588	629	0.184848
588	630	0.051198
588	631	0.19766
588	632	0.053648
588	633	0.65854
588	634	0.100454
588	635	0.199355
588	636	0.088979
588	637	0.100801
588	638	0.535004
588	639	0.330112
588	640	0.138752
588	641	0.106171
588	642	0.233184
588	643	0.241529
588	644	0.195403
588	645	0.018954
588	646	0.09364
588	647	0.34072199999999997
588	648	1.224769
588	649	0.269336
588	650	0.12997
588	651	0.304136
588	652	0.321569
588	653	0.257961
588	654	1.173303
590	1	6.3032699999999995
590	2	7.895166000000001
590	3	11.756122
590	572	0.068655
590	573	0.051186
590	574	0.102267
590	575	0.117569
590	576	0.063202
590	577	0.064237
590	578	0.059913
590	579	0.059035000000000004
590	580	0.068607
590	581	0.144849
590	582	1.056505
590	583	1.093969
590	584	0.447036
590	585	0.23562600000000003
590	586	0.6140140000000001
590	587	0.528053
590	588	0.177124
590	590	1.551667
590	591	0.472758
590	592	5.172578
590	593	0.571
590	595	1.228582
590	596	0.0
590	597	0.181137
590	598	0.40035
590	599	0.024978
590	600	0.6699390000000001
590	601	0.037297000000000004
590	602	0.774419
590	603	1.201207
590	604	1.122627
590	605	2.117979
590	606	0.189153
590	607	0.0
590	608	3.973926
590	609	0.0
590	610	1.1079299999999999
590	611	0.362531
590	612	0.293508
590	613	0.181558
590	614	4.415735
590	615	0.9262450000000001
590	616	0.696543
590	617	0.856066
590	618	4.030131
590	619	0.192985
590	620	0.162333
590	621	1.038902
590	622	3.909673
590	623	0.10306199999999999
590	624	0.739811
590	625	0.786796
590	626	1.766663
590	627	1.602106
590	628	0.589526
590	629	0.417746
590	630	0.112542
590	631	0.44904499999999997
590	632	0.12307799999999999
590	633	1.475195
590	634	0.22286799999999998
590	635	0.43875200000000003
590	636	0.201
590	637	0.220104
590	638	1.167913
590	639	0.7030109999999999
590	640	0.290353
590	641	0.221478
590	642	0.47915
590	643	0.465686
590	644	0.389495
590	645	0.036856
590	646	0.19204300000000002
590	647	0.695607
590	648	2.629115
590	649	0.558972
590	650	0.279767
590	651	0.636174
590	652	0.694967
590	653	0.5657369999999999
590	654	2.6162349999999996
591	1	7.438167999999999
591	2	9.187466
591	3	13.862924
591	572	0.071672
591	573	0.053235000000000005
591	574	0.10653499999999999
591	575	0.13446
591	576	0.065588
591	577	0.066603
591	578	0.065981
591	579	0.068884
591	580	0.079821
591	581	0.173006
591	582	0.751868
591	583	0.709421
591	584	0.43645600000000007
591	585	0.230629
591	586	0.49072
591	587	0.514181
591	588	0.170767
591	590	0.472758
591	591	1.886093
591	592	6.3345910000000005
591	593	0.716733
591	595	1.4966840000000001
591	596	0.0
591	597	0.216977
591	598	0.48467899999999997
591	599	0.02428
591	600	0.8149770000000001
591	601	0.042709
591	602	0.9455049999999999
591	603	0.962477
591	604	1.018801
591	605	1.6667299999999998
591	606	0.28803
591	607	0.0
591	608	6.015679
591	609	0.0
591	610	1.283213
591	611	0.47079399999999993
591	612	0.378513
591	613	0.288699
591	614	7.105448
591	615	1.516405
591	616	0.633887
591	617	1.258527
591	618	5.228255
591	619	0.137508
591	620	0.14032
591	621	0.766465
591	622	3.912522
591	623	0.11405699999999999
591	624	0.763035
591	625	0.757428
591	626	1.7372290000000001
591	627	2.066368
591	628	0.751049
591	629	0.535832
591	630	0.14347200000000002
591	631	0.575746
591	632	0.158161
591	633	1.885764
591	634	0.28439200000000003
591	635	0.558879
591	636	0.23809699999999998
591	637	0.274889
591	638	1.485818
591	639	0.881417
591	640	0.364779
591	641	0.27782199999999996
591	642	0.599334
591	643	0.579874
591	644	0.487914
591	645	0.045965
591	646	0.241389
591	647	0.824264
591	648	3.3345230000000003
591	649	0.7053699999999999
591	650	0.35522
591	651	0.803359
591	652	0.882035
591	653	0.7217680000000001
591	654	3.558189
592	1	133.531464
592	2	222.041092
592	3	338.00878900000004
592	572	1.9266590000000001
592	573	1.452599
592	574	2.883659
592	575	3.810946
592	576	1.813016
592	577	1.847335
592	578	1.8636560000000002
592	579	1.9086020000000001
592	580	2.193018
592	581	4.639136
592	582	14.635326999999998
592	583	9.095187
592	584	12.446548
592	585	6.534530999999999
592	586	14.758938
592	587	14.870215
592	588	5.124119
592	590	5.172578
592	591	6.3345910000000005
592	592	591.100037
592	593	8.491081
592	595	54.569992000000006
592	596	0.0
592	597	6.275867
592	598	15.284907999999998
592	599	0.6986180000000001
592	600	25.71875
592	601	1.184493
592	602	32.467735
592	603	19.261803
592	604	32.998375
592	605	37.827908
592	606	2.817613
592	607	0.0
592	608	81.118301
592	609	0.0
592	610	13.029382
592	611	4.763422
592	612	3.919418
592	613	4.554667
592	614	63.43753100000001
592	615	13.151860999999998
592	616	5.503541
592	617	10.65421
592	618	51.100697
592	619	1.693905
592	620	1.438004
592	621	7.687473
592	622	41.393311
592	623	1.215782
592	624	7.748438
592	625	7.6700919999999995
592	626	18.761961
592	627	21.44471
592	628	8.115205
592	629	5.6554
592	630	1.545099
592	631	6.065196
592	632	1.654914
592	633	20.056652
592	634	3.0443569999999998
592	635	6.015283999999999
592	636	2.538291
592	637	2.974982
592	638	16.077704999999998
592	639	9.687415
592	640	4.060225
592	641	3.093833
592	642	6.740919
592	643	6.783702000000001
592	644	5.5894129999999995
592	645	0.534846
592	646	2.716096
592	647	9.352959
592	648	36.48534
592	649	7.873842999999999
592	650	3.879369
592	651	8.940403
592	652	9.609791
592	653	7.770403
592	654	36.967175
593	1	8.432523
593	2	11.314362
593	3	17.178677
593	572	0.09085399999999999
593	573	0.067707
593	574	0.135217
593	575	0.170955
593	576	0.08342100000000001
593	577	0.084905
593	578	0.084315
593	579	0.087288
593	580	0.101229
593	581	0.219198
593	582	0.896185
593	583	0.6902590000000001
593	584	0.5589109999999999
593	585	0.295148
593	586	0.6365810000000001
593	587	0.661564
593	588	0.22143600000000002
593	590	0.571
593	591	0.716733
593	592	8.491081
593	593	2.459395
593	595	1.9798349999999998
593	596	0.0
593	597	0.277501
593	598	0.632732
593	599	0.031154
593	600	1.0644280000000002
593	601	0.0541
593	602	1.255392
593	603	1.164823
593	604	1.340625
593	605	1.990211
593	606	0.278455
593	607	0.0
593	608	5.871541000000001
593	609	0.0
593	610	1.257379
593	611	0.459275
593	612	0.372039
593	613	0.274627
593	614	6.672852000000001
593	615	1.415226
593	616	0.557859
593	617	1.093387
593	618	5.050802
593	619	0.129545
593	620	0.132994
593	621	0.7126239999999999
593	622	3.889722
593	623	0.11362
593	624	0.748949
593	625	0.736183
593	626	1.723738
593	627	2.03796
593	628	0.750567
593	629	0.530643
593	630	0.143006
593	631	0.567736
593	632	0.15565199999999998
593	633	1.8631389999999999
593	634	0.28201
593	635	0.5546369999999999
593	636	0.236477
593	637	0.27458499999999997
593	638	1.4774530000000001
593	639	0.884583
593	640	0.367856
593	641	0.279731
593	642	0.604811
593	643	0.5933729999999999
593	644	0.496076
593	645	0.046962000000000004
593	646	0.24390599999999998
593	647	0.833824
593	648	3.332131
593	649	0.711203
593	650	0.356211
593	651	0.809728
593	652	0.878052
593	653	0.720382
593	654	3.514335
595	1	41.508942
595	2	75.921059
595	3	115.663284
595	572	0.690546
595	573	0.524568
595	574	1.037213
595	575	1.408588
595	576	0.659273
595	577	0.673002
595	578	0.685747
595	579	0.696585
595	580	0.795729
595	581	1.660934
595	582	4.173731
595	583	2.620654
595	584	4.379901
595	585	2.2928669999999998
595	586	5.302576999999999
595	587	5.25795
595	588	1.8392279999999999
595	590	1.228582
595	591	1.4966840000000001
595	592	54.569992000000006
595	593	1.9798349999999998
595	595	52.697807
595	596	0.0
595	597	2.342496
595	598	5.982097
595	599	0.246705
595	600	10.067295
595	601	0.43274799999999997
595	602	11.266498
595	603	4.897198
595	604	9.340262
595	605	10.737973
595	606	0.697874
595	607	0.0
595	608	20.832556
595	609	0.0
595	610	3.255312
595	611	1.19155
595	612	0.9863299999999999
595	613	1.1313520000000001
595	614	15.350294
595	615	3.1653729999999998
595	616	1.350529
595	617	2.602177
595	618	12.656746
595	619	0.489466
595	620	0.391445
595	621	2.217131
595	622	10.446738
595	623	0.307517
595	624	1.9340540000000002
595	625	1.9197259999999998
595	626	4.77875
595	627	5.389996
595	628	2.0624119999999997
595	629	1.429252
595	630	0.39267399999999997
595	631	1.535674
595	632	0.41812200000000005
595	633	5.094311
595	634	0.774038
595	635	1.532492
595	636	0.643263
595	637	0.75663
595	638	4.100246
595	639	2.474434
595	640	1.040534
595	641	0.793569
595	642	1.7348569999999999
595	643	1.7640189999999998
595	644	1.4445219999999999
595	645	0.138851
595	646	0.698615
